Competition: American Indoor Soccer Association
Season: 1984-1985
Key: name; position; games_played; _; _; goals; assists; shots; _, _, pim; blocks; ppg; shg; gwg; otg; s%

Team: Canton Invaders

Kia; F; 40; 0; 0; 49; 25; 0; 0; 0; 16; 26; 6; 0; 6; 0; 
Art Kramer; F; 38; 0; 0; 39; 24; 0; 0; 0; 23; 16; 0; 0; 5; 0; 
John Dolinsky; D-F; 39; 0; 0; 29; 25; 0; 0; 0; 24; 60; 3; 0; 8; 0; 
Don Tobin; M,F; 40; 0; 0; 22; 24; 0; 0; 0; 6; 25; 4; 0; 1; 0; 
Ken Lolla; ; 40; 0; 0; 21; 11; 0; 0; 0; 6; 30; 4; 0; 5; 0; 
Kenny Killingsworth; F; 33; 0; 0; 20; 24; 0; 0; 0; 8; 10; 0; 0; 2; 0; 
Glenn Ervine; ; 35; 0; 0; 18; 8; 0; 0; 0; 20; 21; 0; 0; 1; 0; 
Joe Pavlek; ; 38; 0; 0; 12; 15; 0; 0; 0; 2; 6; 0; 0; 1; 0; 
Oscar Pisano; D; 39; 0; 0; 12; 16; 0; 0; 0; 32; 147; 2; 0; 1; 0; 
Tom Condric; D; 32; 0; 0; 9; 9; 0; 0; 0; 4; 36; 0; 0; 1; 0; 
Steve Frick; ; 37; 0; 0; 8; 6; 0; 0; 0; 2; 23; 0; 0; 1; 0; 
Vic Davidson; F,F/M; 11; 0; 0; 8; 6; 0; 0; 0; 0; 5; 3; 0; 3; 0; 
Tim Tyma; D; 29; 0; 0; 6; 11; 0; 0; 0; 18; 80; 0; 0; 1; 0; 
Steve Savage; ; 34; 0; 0; 2; 7; 0; 0; 0; 6; 36; 0; 0; 0; 0; 
David Caetano; ; 5; 0; 0; 2; 1; 0; 0; 0; 4; 0; 0; 0; 0; 0; 
Mike Paxos; ; 10; 0; 0; 1; 1; 0; 0; 0; 2; 4; 0; 0; 0; 0; 
Simon Look; F; 7; 0; 0; 0; 0; 0; 0; 0; 0; 1; 0; 0; 0; 0; 
Wayne Jentas; D,M; 6; 0; 0; 0; 1; 0; 0; 0; 2; 1; 0; 0; 0; 0; 
Mike Barbarick; GK; 28; 0; 0; 0; 4; 0; 0; 0; 4; 0; 0; 0; 0; 0; 
Boris Kukilja; ; 2; 0; 0; 0; 0; 0; 0; 0; 2; 0; 0; 0; 0; 0; 
Bill Naumovski; GK; 15; 0; 0; 0; 2; 0; 0; 0; 0; 0; 0; 0; 0; 0; 


Team: Chicago Vultures

Kia; F; 40; 0; 0; 49; 25; 0; 0; 0; 16; 26; 6; 0; 6; 0; 
Art Kramer; F; 38; 0; 0; 39; 24; 0; 0; 0; 23; 16; 0; 0; 5; 0; 
John Dolinsky; D-F; 39; 0; 0; 29; 25; 0; 0; 0; 24; 60; 3; 0; 8; 0; 
Don Tobin; M,F; 40; 0; 0; 22; 24; 0; 0; 0; 6; 25; 4; 0; 1; 0; 
Ken Lolla; ; 40; 0; 0; 21; 11; 0; 0; 0; 6; 30; 4; 0; 5; 0; 
Kenny Killingsworth; F; 33; 0; 0; 20; 24; 0; 0; 0; 8; 10; 0; 0; 2; 0; 
Glenn Ervine; ; 35; 0; 0; 18; 8; 0; 0; 0; 20; 21; 0; 0; 1; 0; 
Joe Pavlek; ; 38; 0; 0; 12; 15; 0; 0; 0; 2; 6; 0; 0; 1; 0; 
Oscar Pisano; D; 39; 0; 0; 12; 16; 0; 0; 0; 32; 147; 2; 0; 1; 0; 
Tom Condric; D; 32; 0; 0; 9; 9; 0; 0; 0; 4; 36; 0; 0; 1; 0; 
Steve Frick; ; 37; 0; 0; 8; 6; 0; 0; 0; 2; 23; 0; 0; 1; 0; 
Vic Davidson; F,F/M; 11; 0; 0; 8; 6; 0; 0; 0; 0; 5; 3; 0; 3; 0; 
Tim Tyma; D; 29; 0; 0; 6; 11; 0; 0; 0; 18; 80; 0; 0; 1; 0; 
Steve Savage; ; 34; 0; 0; 2; 7; 0; 0; 0; 6; 36; 0; 0; 0; 0; 
David Caetano; ; 5; 0; 0; 2; 1; 0; 0; 0; 4; 0; 0; 0; 0; 0; 
Mike Paxos; ; 10; 0; 0; 1; 1; 0; 0; 0; 2; 4; 0; 0; 0; 0; 
Simon Look; F; 7; 0; 0; 0; 0; 0; 0; 0; 0; 1; 0; 0; 0; 0; 
Wayne Jentas; D,M; 6; 0; 0; 0; 1; 0; 0; 0; 2; 1; 0; 0; 0; 0; 
Mike Barbarick; GK; 28; 0; 0; 0; 4; 0; 0; 0; 4; 0; 0; 0; 0; 0; 
Boris Kukilja; ; 2; 0; 0; 0; 0; 0; 0; 0; 2; 0; 0; 0; 0; 0; 
Bill Naumovski; GK; 15; 0; 0; 0; 2; 0; 0; 0; 0; 0; 0; 0; 0; 0; 


Team: Columbus Capitals

Lesh Shkreli; F,M; 40; 0; 0; 59; 44; 0; 0; 0; 20; 33; 8; 0; 6; 0; 
Soloman Hilton; F; 35; 0; 0; 45; 10; 0; 0; 0; 8; 16; 4; 0; 5; 0; 
Tony Johnson; F; 36; 0; 0; 35; 25; 0; 0; 0; 30; 15; 7; 0; 3; 0; 
Gerald Celestin; F; 33; 0; 0; 28; 17; 0; 0; 0; 2; 14; 0; 0; 3; 0; 
David Pierce; D; 39; 0; 0; 26; 25; 0; 0; 0; 20; 39; 2; 0; 1; 0; 
Walter Schlothauer; D,F; 39; 0; 0; 25; 29; 0; 0; 0; 26; 92; 3; 0; 1; 0; 
Ruben Astigarraga; F,M; 20; 0; 0; 21; 27; 0; 0; 0; 10; 7; 4; 0; 3; 0; 
Mark Lugris; M; 40; 0; 0; 20; 21; 0; 0; 0; 16; 39; 0; 0; 1; 0; 
Billy Boljevic; F; 18; 0; 0; 18; 18; 0; 0; 0; 10; 6; 3; 0; 2; 0; 
Eddie Saint-Cloud; ; 39; 0; 0; 11; 11; 0; 0; 0; 14; 64; 3; 0; 1; 0; 
Bill Hartman; ; 26; 0; 0; 9; 2; 0; 0; 0; 2; 7; 0; 0; 0; 0; 
Gene Strenicer; M,D; 18; 0; 0; 6; 7; 0; 0; 0; 4; 28; 1; 0; 0; 0; 
Bill McDonald; ; 39; 0; 0; 5; 8; 0; 0; 0; 28; 111; 0; 0; 1; 0; 
Steve Westbrook; D; 14; 0; 0; 1; 6; 0; 0; 0; 11; 31; 0; 0; 0; 0; 
Val DeSouza; D; 16; 0; 0; 1; 3; 0; 0; 0; 16; 23; 0; 0; 0; 0; 
Fred Armstrong; GK; 14; 0; 0; 0; 1; 0; 0; 0; 10; 0; 0; 0; 0; 0; 
Sepp Gantenhammer; GK; 11; 0; 0; 0; 0; 0; 0; 0; 4; 0; 0; 0; 0; 0; 
Billy McNeel; GK; 22; 0; 0; 0; 1; 0; 0; 0; 6; 0; 0; 0; 0; 0; 
Ed Puskarich; D; 40; 0; 0; 0; 1; 0; 0; 0; 2; 36; 0; 0; 0; 0; 
Glenn Davis; ; 13; 0; 0; 0; 3; 0; 0; 0; 0; 26; 0; 0; 0; 0; 
Felix Abramovich; ; 3; 0; 0; 0; 0; 0; 0; 0; 0; 4; 0; 0; 0; 0; 


Team: Kalamazoo Kangaroos

Ted Powers; ; 40; 0; 0; 32; 14; 0; 0; 0; 8; 47; 3; 0; 5; 0; 
Mike Garrett; F; 28; 0; 0; 13; 19; 0; 0; 0; 2; 16; 1; 0; 1; 0; 
Frank Speth; ; 32; 0; 0; 11; 11; 0; 0; 0; 14; 64; 3; 0; 1; 0; 
Diedier Aur; ; 37; 0; 0; 11; 6; 0; 0; 0; 16; 58; 1; 0; 1; 0; 
Damien Kelly; F; 12; 0; 0; 10; 11; 0; 0; 0; 20; 3; 0; 0; 1; 0; 
Nick O'Shea; ; 40; 0; 0; 10; 9; 0; 0; 0; 25; 101; 0; 0; 0; 0; 
Mike Gibbons; ; 22; 0; 0; 6; 3; 0; 0; 0; 0; 29; 0; 0; 0; 0; 
Bo Melson; F; 38; 0; 0; 6; 6; 0; 0; 0; 18; 11; 0; 0; 0; 0; 
Robbie Olson; M; 21; 0; 0; 6; 7; 0; 0; 0; 4; 19; 0; 0; 0; 0; 
John Marucce; ; 34; 0; 0; 6; 2; 0; 0; 0; 2; 6; 2; 0; 0; 0; 
Bob Pollard; ; 10; 0; 0; 5; 4; 0; 0; 0; 4; 9; 2; 0; 0; 0; 
Steve Doerr; M; 8; 0; 0; 4; 3; 0; 0; 0; 2; 10; 0; 0; 0; 0; 
Kevin Flynn; ; 39; 0; 0; 4; 5; 0; 0; 0; 40; 71; 0; 0; 1; 0; 
Jim House; ; 21; 0; 0; 1; 5; 0; 0; 0; 6; 50; 0; 0; 0; 0; 
Lee Kestler; ; 5; 0; 0; 1; 1; 0; 0; 0; 4; 7; 0; 0; 0; 0; 
Dan McGlynn; ; 6; 0; 0; 0; 1; 0; 0; 0; 0; 1; 0; 0; 0; 0; 
Bernie Watt; GK; 20; 0; 0; 0; 0; 0; 0; 0; 10; 0; 0; 0; 0; 0; 
Scott Bretner; GK; 21; 0; 0; 0; 1; 0; 0; 0; 8; 0; 0; 0; 0; 0; 
Mladen Medancic; ; 19; 0; 0; 0; 4; 0; 0; 0; 4; 13; 0; 0; 0; 0; 
Bob Bozada; D,M,F; 14; 0; 0; 0; 5; 0; 0; 0; 4; 13; 0; 0; 0; 0; 
Moshen Khani; ; 2; 0; 0; 0; 0; 0; 0; 0; 0; 0; 0; 0; 0; 0; 



Team: Louisville Thunder

Jim Gabarra; F; 30; 0; 0; 45; 22; 0; 0; 0; 2; 26; 13; 0; 1; 0; 
Chris Hellenkamp; F,M; 39; 0; 0; 30; 28; 0; 0; 0; 6; 37; 5; 0; 5; 0; 
Junior Salmon; ; 36; 0; 0; 30; 11; 0; 0; 0; 24; 19; 1; 0; 2; 0; 
Mike Fall; M; 40; 0; 0; 29; 38; 0; 0; 0; 16; 25; 4; 0; 0; 0; 
Bob Ramsey; D; 40; 0; 0; 23; 13; 0; 0; 0; 16; 20; 2; 0; 3; 0; 
Austin Hudson; F; 39; 0; 0; 19; 15; 0; 0; 0; 10; 24; 4; 0; 1; 0; 
Paul Dibernardo; ; 24; 0; 0; 9; 9; 0; 0; 0; 10; 12; 0; 0; 2; 0; 
Keith Tozer; F,D; 39; 0; 0; 8; 19; 0; 0; 0; 26; 136; 4; 0; 2; 0; 
Gregg Blasingame; D; 24; 0; 0; 7; 5; 0; 0; 0; 12; 24; 0; 0; 3; 0; 
Tommy Mulroy; D,F; 25; 0; 0; 6; 3; 0; 0; 0; 14; 34; 0; 0; 0; 0; 
Saeed Bakhtiari; D; 22; 0; 0; 4; 2; 0; 0; 0; 6; 23; 0; 0; 0; 0; 
Mike Noonan; ; 39; 0; 0; 4; 7; 0; 0; 0; 20; 111; 0; 0; 0; 0; 
Robert Meschbach; F; 8; 0; 0; 1; 2; 0; 0; 0; 2; 4; 0; 0; 0; 0; 
Tony Salciccia; ; 3; 0; 0; 1; 1; 0; 0; 0; 0; 0; 0; 0; 0; 0; 
Chris Oswald; ; 2; 0; 0; 0; 0; 0; 0; 0; 0; 0; 0; 0; 0; 0; 
Silas Boyle; GK; 4; 0; 0; 0; 0; 0; 0; 0; 0; 0; 0; 0; 0; 0; 
Ty Chiwanga; ; 1; 0; 0; 0; 1; 0; 0; 0; 0; 0; 0; 0; 0; 0; 
Rick Schweizer; GK; 37; 0; 0; 0; 3; 0; 0; 0; 14; 0; 0; 0; 0; 0; 
Billy McNicol; F; 1; 0; 0; 0; 0; 0; 0; 0; 0; 0; 0; 0; 0; 0; 


Team: Milwaukee Wave

Tim Sedlacek; F; 39; 0; 0; 41; 21; 314; 0; 0; 22; 28; 5; 0; 3; 0; 13.1
John Salazar; ; 38; 0; 0; 24; 15; 143; 0; 0; 22; 13; 4; 0; 2; 0; 16.8
Pete Knezic; F; 40; 0; 0; 24; 46; 289; 0; 0; 12; 32; 3; 0; 1; 0; 8.3
Tom Alioto; D; 28; 0; 0; 19; 13; 208; 0; 0; 6; 31; 4; 1; 3; 0; 9.1
Dave Hodgson; ; 22; 0; 0; 13; 8; 97; 0; 0; 9; 6; 4; 0; 0; 0; 13.4
Tony Salciccia; ; 28; 0; 0; 12; 2; 86; 0; 0; 8; 9; 0; 0; 0; 0; 14
Louis Bennett; ; 13; 0; 0; 12; 2; 64; 0; 0; 14; 6; 2; 0; 1; 0; 18.8
Boro Sucevic; D; 34; 0; 0; 11; 6; 144; 0; 0; 19; 48; 0; 0; 0; 0; 7.6
Tom Fazekas; ; 14; 0; 0; 10; 3; 91; 0; 0; 12; 4; 2; 0; 1; 0; 11
Helmut Immig; ; 29; 0; 0; 9; 8; 106; 0; 0; 8; 13; 3; 0; 0; 0; 8.5
Steve Swanson; ; 40; 0; 0; 8; 17; 148; 0; 0; 6; 32; 0; 0; 0; 0; 5.4
Reza Namin; ; 36; 0; 0; 6; 6; 113; 0; 0; 8; 75; 0; 0; 0; 0; 5.3
Scott Westbrook; ; 21; 0; 0; 6; 2; 115; 0; 0; 22; 23; 1; 0; 0; 0; 5.2
Kurt Siebers; ; 29; 0; 0; 5; 3; 94; 0; 0; 8; 50; 0; 0; 0; 0; 5.3
Lito Zabala; ; 16; 0; 0; 4; 6; 53; 0; 0; 14; 1; 1; 0; 0; 0; 7.5
D. Duval; ; 36; 0; 0; 3; 4; 37; 0; 0; 12; 39; 2; 0; 1; 0; 8.1
Brad Baughan; ; 26; 0; 0; 2; 3; 35; 0; 0; 0; 5; 1; 0; 0; 0; 5.7
Michael Cox; ; 32; 0; 0; 2; 1; 59; 0; 0; 2; 17; 0; 0; 0; 0; 3.4
Louis Mateus; ; 11; 0; 0; 1; 0; 8; 0; 0; 0; 0; 0; 0; 0; 0; 12.5
Tom Bolster; ; 9; 0; 0; 1; 0; 17; 0; 0; 0; 4; 0; 0; 0; 0; 5.9
Charlie Cook; GK; 6; 0; 0; 0; 0; 0; 0; 0; 2; 0; 0; 0; 0; 0; 
Paul Meehan; ; 8; 0; 0; 0; 0; 0; 0; 0; 0; 0; 0; 0; 0; 0; 
Greg Volgas; GK; 26; 0; 0; 0; 1; 0; 0; 0; 12; 0; 0; 0; 0; 0; 
Ahmad Salah; ; 1; 0; 0; 0; 0; 0; 0; 0; 0; 0; 0; 0; 0; 0; 
Matt Clark; GK; 14; 0; 0; 0; 1; 0; 0; 0; 0; 0; 0; 0; 0; 0; 



Season: 1985-1986

Team: Canton Invaders

Kia; F; 37; 0; 0; 52; 15; 0; 0; 0; 4; 18; 18; 0; 9; 0; 
Art Kramer; F; 35; 0; 0; 33; 25; 0; 0; 0; 8; 28; 1; 0; 9; 0; 
Kenny Killingsworth; F; 30; 0; 0; 21; 14; 0; 0; 0; 0; 13; 1; 0; 3; 0; 
Rudy Pikuzinski; F; 27; 0; 0; 19; 10; 0; 0; 0; 2; 3; 0; 0; 2; 0; 
Don Tobin; M,F; 40; 0; 0; 19; 39; 0; 0; 0; 14; 10; 6; 0; 4; 0; 
Oscar Pisano; D; 37; 0; 0; 17; 28; 0; 0; 0; 17; 73; 8; 0; 2; 0; 
Walter Schlothauer; D,F; 40; 0; 0; 17; 16; 0; 0; 0; 10; 37; 10; 0; 0; 0; 
Steve Frick; ; 36; 0; 0; 15; 11; 0; 0; 0; 23; 10; 0; 0; 1; 0; 
Ian Anderson; D,M; 36; 0; 0; 15; 20; 0; 0; 0; 20; 41; 8; 0; 0; 0; 
Ken Lolla; ; 40; 0; 0; 11; 15; 0; 0; 0; 0; 45; 0; 0; 0; 0; 
John Dolinsky; D-F; 26; 0; 0; 9; 5; 0; 0; 0; 7; 37; 0; 0; 0; 0; 
Tim Tyma; D; 38; 0; 0; 6; 11; 0; 0; 0; 38; 79; 0; 0; 1; 0; 
Tom Condric; D; 34; 0; 0; 5; 4; 0; 0; 0; 2; 36; 0; 0; 1; 0; 
Mark Liveric; F; 8; 0; 0; 4; 5; 0; 0; 0; 2; 0; 1; 0; 1; 0; 
Randy Pikuzinski; F; 7; 0; 0; 0; 0; 0; 0; 0; 0; 1; 0; 0; 0; 0; 
Trevor Dawkins; D; 1; 0; 0; 0; 0; 0; 0; 0; 0; 0; 0; 0; 0; 0; 
Mike Paxos; ; 7; 0; 0; 0; 0; 0; 0; 0; 2; 0; 0; 0; 0; 0; 
Jamie Swanner; GK; 25; 0; 0; 0; 5; 0; 0; 0; 9; 0; 0; 0; 0; 0; 
Denzil Antonio; D,G; 1; 0; 0; 0; 0; 0; 0; 0; 0; 0; 0; 0; 0; 0; 
Bill Naumovski; GK; 16; 0; 0; 0; 2; 0; 0; 0; 4; 0; 0; 0; 0; 0; 



Team: Chicago Shoccers

Zelmir Antonijevic; ; 29; 0; 0; 35; 13; 0; 0; 0; 19; 0; 3; 0; 1; 0; 
Janusz Kieca; ; 36; 0; 0; 26; 16; 0; 0; 0; 20; 15; 5; 0; 1; 0; 
Martin Rincon; ; 37; 0; 0; 21; 13; 0; 0; 0; 16; 77; 2; 0; 2; 0; 
Hayden Knight; D,F,M; 28; 0; 0; 19; 31; 0; 0; 0; 20; 30; 3; 0; 1; 0; 
Robert Meschbach; F; 18; 0; 0; 17; 3; 0; 0; 0; 2; 1; 5; 0; 1; 0; 
Isaac Moushi; ; 30; 0; 0; 12; 6; 0; 0; 0; 2; 16; 1; 0; 1; 0; 
Dave Huson; M,F,D; 35; 0; 0; 11; 9; 0; 0; 0; 16; 48; 0; 0; 1; 0; 
Ruben Stivan; M; 30; 0; 0; 10; 17; 0; 0; 0; 8; 20; 0; 0; 2; 0; 
Tom Mollerup; ; 39; 0; 0; 6; 9; 0; 0; 0; 4; 66; 0; 0; 0; 0; 
Thomas Rongen; M,F; 9; 0; 0; 5; 8; 0; 0; 0; 2; 20; 0; 0; 2; 0; 
Elvis Comrie; F; 4; 0; 0; 5; 2; 0; 0; 0; 4; 0; 2; 0; 1; 0; 
Hector Rodriguez; ; 32; 0; 0; 4; 2; 0; 0; 0; 6; 6; 0; 0; 0; 0; 
Paul Dibernardo; ; 21; 0; 0; 4; 8; 0; 0; 0; 6; 10; 0; 0; 0; 0; 
Tom Isirov; ; 13; 0; 0; 2; 6; 0; 0; 0; 12; 9; 0; 0; 0; 0; 
Zdlisaw Sekula; ; 13; 0; 0; 2; 2; 0; 0; 0; 0; 5; 1; 0; 0; 0; 
Horst Fleps; F; 7; 0; 0; 2; 0; 0; 0; 0; 0; 1; 0; 0; 0; 0; 
Alberto Perez; ; 5; 0; 0; 1; 0; 0; 0; 0; 0; 4; 0; 0; 0; 0; 
Dave Wolf; M; 11; 0; 0; 1; 0; 0; 0; 0; 2; 7; 0; 0; 0; 0; 
Viktor Jakovljevic; ; 10; 0; 0; 1; 0; 0; 0; 0; 2; 2; 0; 0; 0; 0; 
Jerry Moyer; ; 13; 0; 0; 1; 3; 0; 0; 0; 2; 5; 0; 0; 2; 0; 
Michael Cahill; ; 25; 0; 0; 0; 0; 0; 0; 0; 10; 14; 0; 0; 0; 0; 
Miroslav Petrovic; GK; 4; 0; 0; 0; 0; 0; 0; 0; 0; 0; 0; 0; 0; 0; 
Arno Steffenhagen; M,F; 1; 0; 0; 0; 0; 0; 0; 0; 0; 0; 0; 0; 0; 0; 
Joe Smith; ; 4; 0; 0; 0; 1; 0; 0; 0; 4; 2; 0; 0; 0; 0; 
Robert Isaac; ; 34; 0; 0; 0; 5; 0; 0; 0; 16; 10; 0; 0; 0; 0; 
John Nelson; ; 1; 0; 0; 0; 0; 0; 0; 0; 0; 0; 0; 0; 0; 0; 
Jose Garcia; GK; 22; 0; 0; 0; 3; 0; 0; 0; 10; 0; 0; 0; 0; 0; 
Nick Dosen; ; 5; 0; 0; 0; 3; 0; 0; 0; 6; 0; 0; 0; 0; 0; 
Yaro Dachniwsky; GK; 24; 0; 0; 0; 2; 0; 0; 0; 8; 0; 0; 0; 0; 0; 


Team: Columbus Capitals

Lesh Shkreli; F,M; 39; 0; 0; 29; 30; 0; 0; 0; 10; 14; 8; 0; 0; 0; 
Soloman Hilton; F; 37; 0; 0; 26; 14; 0; 0; 0; 4; 19; 5; 0; 1; 0; 
Gerald Celestin; F; 26; 0; 0; 25; 16; 0; 0; 0; 2; 6; 4; 0; 2; 0; 
Mark Lugris; M; 40; 0; 0; 21; 13; 0; 0; 0; 6; 21; 1; 0; 1; 0; 
Tony Johnson; F; 19; 0; 0; 15; 15; 0; 0; 0; 12; 8; 1; 0; 0; 0; 
Mike Barry; D,M; 20; 0; 0; 12; 15; 0; 0; 0; 2; 33; 1; 0; 0; 0; 
Jimmy McGeough; D,M; 36; 0; 0; 8; 6; 0; 0; 0; 6; 35; 1; 0; 1; 0; 
Eddie Azevedo; D; 30; 0; 0; 7; 3; 0; 0; 0; 8; 24; 0; 0; 2; 0; 
Nick Mangione; M; 11; 0; 0; 7; 4; 0; 0; 0; 4; 4; 2; 0; 0; 0; 
John McDermott; F,M; 25; 0; 0; 6; 7; 0; 0; 0; 10; 19; 2; 0; 0; 0; 
Shaun Pendleton; ; 24; 0; 0; 5; 5; 0; 0; 0; 4; 31; 0; 0; 0; 0; 
Dave Power; D; 36; 0; 0; 4; 9; 0; 0; 0; 6; 63; 0; 0; 2; 0; 
Dragoslav Jaha; M; 26; 0; 0; 2; 2; 0; 0; 0; 12; 66; 1; 0; 0; 0; 
Ed Puskarich; D; 27; 0; 0; 2; 1; 0; 0; 0; 2; 18; 0; 0; 0; 0; 
Boro Sucevic; D; 26; 0; 0; 1; 4; 0; 0; 0; 8; 48; 0; 0; 0; 0; 
Keith Loeffler; ; 14; 0; 0; 1; 0; 0; 0; 0; 0; 1; 0; 0; 0; 0; 
Eddie Saint-Cloud; ; 11; 0; 0; 0; 0; 0; 0; 0; 10; 13; 0; 0; 0; 0; 
Roger Ramsey; ; 6; 0; 0; 0; 0; 0; 0; 0; 0; 0; 0; 0; 0; 0; 
Winston DuBose; GK; 3; 0; 0; 0; 0; 0; 0; 0; 0; 0; 0; 0; 0; 0; 
Billy McNeel; GK; 12; 0; 0; 0; 0; 0; 0; 0; 6; 0; 0; 0; 0; 0; 
Fred Armstrong; GK; 15; 0; 0; 0; 1; 0; 0; 0; 4; 0; 0; 0; 0; 0; 
Otto Orf; GK; 8; 0; 0; 0; 3; 0; 0; 0; 16; 0; 0; 0; 0; 0; 
Sepp Gantenhammer; GK; 3; 0; 0; 0; 0; 0; 0; 0; 0; 0; 0; 0; 0; 0; 
Silas Boyle; GK; 7; 0; 0; 0; 1; 0; 0; 0; 4; 0; 0; 0; 0; 0; 



Team: Kalamazoo Kangaroos

Ted Powers; ; 40; 0; 0; 42; 17; 0; 0; 0; 14; 14; 9; 0; 4; 0; 
David Pierce; D; 40; 0; 0; 15; 23; 0; 0; 0; 24; 22; 3; 0; 2; 0; 
Mike Gibbons; ; 40; 0; 0; 15; 10; 0; 0; 0; 2; 24; 0; 0; 3; 0; 
Mike Garrett; F; 36; 0; 0; 14; 24; 0; 0; 0; 4; 15; 0; 0; 0; 0; 
Paul Kato; ; 38; 0; 0; 12; 24; 0; 0; 0; 34; 62; 3; 0; 0; 0; 
Derek Sanderson; F; 19; 0; 0; 10; 3; 0; 0; 0; 2; 8; 1; 0; 1; 0; 
Mark Christensen; D; 30; 0; 0; 6; 6; 0; 0; 0; 16; 47; 0; 0; 0; 0; 
Damien Kelly; F; 7; 0; 0; 4; 3; 0; 0; 0; 12; 2; 0; 0; 0; 0; 
Joe Pavlek; ; 20; 0; 0; 4; 3; 0; 0; 0; 4; 7; 0; 0; 2; 0; 
Glenn Ervine; ; 17; 0; 0; 3; 3; 0; 0; 0; 10; 18; 0; 0; 0; 0; 
Paul Roe; M,F,D/M; 13; 0; 0; 3; 2; 0; 0; 0; 4; 7; 0; 0; 0; 0; 
Geoff Wall; M; 9; 0; 0; 2; 1; 0; 0; 0; 0; 6; 0; 0; 0; 0; 
Kevin Flynn; ; 38; 0; 0; 2; 4; 0; 0; 0; 8; 42; 0; 0; 0; 0; 
Nick O'Shea; ; 26; 0; 0; 2; 5; 0; 0; 0; 10; 38; 0; 0; 0; 0; 
Bo Melson; F; 7; 0; 0; 1; 2; 0; 0; 0; 2; 6; 0; 0; 0; 0; 
Joe Schmid; D; 35; 0; 0; 1; 2; 0; 0; 0; 10; 35; 0; 0; 0; 0; 
F.W. Nugent; ; 6; 0; 0; 0; 0; 0; 0; 0; 0; 5; 0; 0; 0; 0; 
Scott Bretner; GK; 7; 0; 0; 0; 2; 0; 0; 0; 2; 0; 0; 0; 0; 0; 
Victor Petroni; GK; 33; 0; 0; 0; 3; 0; 0; 0; 8; 0; 0; 0; 0; 0; 
Don King; ; 6; 0; 0; 0; 0; 0; 0; 0; 0; 0; 0; 0; 0; 0; 


Team: Louisville Thunder

Zoran Savic; F; 40; 0; 0; 46; 35; 0; 0; 0; 18; 7; 3; 0; 6; 0; 
Chris Hellenkamp; F,M; 40; 0; 0; 37; 24; 0; 0; 0; 6; 28; 1; 0; 5; 0; 
Jim Gabarra; F; 27; 0; 0; 27; 17; 0; 0; 0; 4; 21; 4; 0; 2; 0; 
Gary Amlong; F; 20; 0; 0; 26; 11; 0; 0; 0; 8; 4; 7; 0; 2; 0; 
Manuel Gorrity; ; 35; 0; 0; 24; 16; 0; 0; 0; 14; 13; 0; 0; 2; 0; 
Mike Fall; M; 38; 0; 0; 18; 38; 0; 0; 0; 20; 27; 3; 0; 2; 0; 
Bob Ramsey; D; 39; 0; 0; 16; 8; 0; 0; 0; 12; 21; 0; 0; 2; 0; 
Keith Tozer; F,D; 35; 0; 0; 15; 20; 0; 0; 0; 12; 93; 0; 0; 1; 0; 
Dale Payne; ; 35; 0; 0; 10; 9; 0; 0; 0; 2; 6; 2; 0; 4; 0; 
Tom Alioto; D; 39; 0; 0; 9; 26; 0; 0; 0; 16; 61; 3; 0; 2; 0; 
Saeed Bakhtiari; D; 39; 0; 0; 5; 5; 0; 0; 0; 8; 138; 0; 0; 0; 0; 
Joe Fink; F,M; 6; 0; 0; 1; 0; 0; 0; 0; 2; 4; 0; 0; 1; 0; 
Joe Morrone; M; 13; 0; 0; 1; 3; 0; 0; 0; 2; 5; 0; 0; 0; 0; 
Caleb Suri; F,M/F; 29; 0; 0; 1; 6; 0; 0; 0; 10; 22; 0; 0; 0; 0; 
A.J. Lachowecki; GK; 16; 0; 0; 0; 2; 0; 0; 0; 12; 0; 0; 0; 0; 0; 
Rick Schweizer; GK; 26; 0; 0; 0; 1; 0; 0; 0; 6; 0; 0; 0; 0; 0; 


Team: Milwaukee Wave

Ross Ongaro; F,F/M; 39; 0; 0; 40; 33; 203; 0; 47; 6; 30; 9; 0; 3; 0; 19.7
Pete Knezic; F; 40; 0; 0; 31; 31; 215; 0; 53; 12; 25; 8; 0; 3; 0; 14.4
Louis Bennett; ; 34; 0; 0; 21; 9; 101; 0; 75; 16; 31; 13; 0; 3; 0; 20.8
Tim Sedlacek; F; 21; 0; 0; 15; 15; 85; 0; 36; 12; 7; 2; 0; 0; 0; 17.6
Steve Swanson; ; 40; 0; 0; 14; 10; 124; 0; 27; 2; 45; 0; 0; 0; 0; 11.3
Tom Bolster; ; 35; 0; 0; 14; 11; 83; 0; 81; 10; 5; 1; 0; 0; 0; 16.9
Salvador Valencia; ; 15; 0; 0; 12; 12; 106; 0; 16; 4; 8; 3; 0; 0; 0; 11.3
Frank Speth; ; 39; 0; 0; 9; 10; 147; 0; 53; 12; 53; 1; 0; 0; 0; 6.1
Derek Sanderson; F; 10; 0; 0; 8; 2; 26; 0; 13; 2; 1; 1; 0; 0; 0; 30.8
Kurt Siebers; ; 31; 0; 0; 8; 5; 79; 0; 39; 17; 65; 0; 0; 1; 0; 10.1
Rudy Pena; M; 39; 0; 0; 5; 9; 73; 0; 69; 8; 19; 1; 0; 0; 0; 6.8
Louis Mateus; ; 29; 0; 0; 5; 4; 39; 0; 29; 0; 38; 0; 0; 0; 0; 12.8
John Salazar; ; 37; 0; 0; 4; 4; 49; 0; 50; 10; 19; 0; 0; 1; 0; 8.2
Reza Namin; ; 38; 0; 0; 2; 2; 41; 0; 51; 6; 104; 0; 0; 0; 0; 4.9
Dean Duerst; ; 11; 0; 0; 1; 3; 19; 0; 10; 0; 17; 0; 0; 0; 0; 5.3
Matt Clark; GK; 8; 0; 0; 0; 0; 0; 0; 1; 4; 0; 0; 0; 0; 0; 
Todd Goodman; ; 3; 0; 0; 0; 0; 0; 0; 2; 0; 0; 0; 0; 0; 0; 
Mark Berry; GK; 1; 0; 0; 0; 0; 0; 0; 0; 0; 0; 0; 0; 0; 0; 
Mark Bickham; ; 4; 0; 0; 0; 0; 7; 0; 5; 0; 3; 0; 0; 0; 0; 0
Joe Stephens; ; 9; 0; 0; 0; 2; 6; 0; 10; 4; 18; 0; 0; 0; 0; 0
Tony Pierce; GK; 33; 0; 0; 0; 4; 0; 0; 3; 16; 0; 0; 0; 0; 0; 
Patrick Lawerence; ; 10; 0; 0; 0; 2; 14; 0; 10; 2; 6; 0; 0; 0; 0; 0
Ahmad Salah; ; 1; 0; 0; 0; 0; 0; 0; 0; 0; 0; 0; 0; 0; 0; 
D. Duval; ; 16; 0; 0; 0; 1; 9; 0; 3; 2; 9; 0; 0; 0; 0; 0



Season: 1986-1987

Team: Canton Invaders

Rudy Pikuzinski; F; 42; 0; 0; 51; 30; 147; 0; 0; 16; 24; 14; 0; 7; 0; 34.7
Kia; F; 42; 0; 0; 34; 31; 130; 0; 0; 6; 6; 8; 0; 6; 1; 26.2
Art Kramer; F; 33; 0; 0; 22; 10; 103; 0; 0; 8; 20; 0; 6; 3; 0; 21.4
Steve Maurer; ; 35; 0; 0; 18; 15; 92; 0; 0; 8; 7; 4; 0; 3; 1; 19.6
Steve Frick; ; 41; 0; 0; 18; 15; 60; 0; 0; 16; 12; 0; 3; 1; 0; 30
Don Tobin; M,F; 35; 0; 0; 17; 22; 84; 0; 0; 6; 11; 7; 0; 2; 2; 20.2
Walter Schlothauer; D,F; 29; 0; 0; 17; 14; 92; 0; 0; 4; 15; 11; 0; 1; 0; 18.5
Gerald Celestin; F; 27; 0; 0; 13; 10; 57; 0; 0; 4; 7; 0; 0; 0; 0; 22.8
Oscar Pisano; D; 40; 0; 0; 11; 24; 138; 0; 0; 22; 68; 3; 0; 1; 0; 8
Tom Condric; D; 42; 0; 0; 10; 9; 85; 0; 0; 8; 63; 0; 0; 2; 0; 11.8
Steve Moyers; F; 15; 0; 0; 10; 6; 35; 0; 11; 4; 1; 0; 0; 0; 0; 28.6
Lesh Shkreli; F,M; 18; 0; 0; 10; 5; 36; 0; 0; 0; 3; 4; 0; 1; 0; 27.8
Mike Paxos; ; 34; 0; 0; 8; 7; 63; 0; 0; 12; 34; 1; 0; 0; 0; 12.7
Randy Pikuzinski; F; 20; 0; 0; 7; 6; 36; 0; 0; 10; 12; 0; 2; 1; 0; 19.4
Tim Tyma; D; 36; 0; 0; 6; 11; 36; 0; 0; 29; 111; 0; 0; 2; 0; 16.7
Robert Vosmaer; M/F,D,M; 7; 0; 0; 2; 5; 8; 0; 0; 4; 8; 1; 0; 0; 0; 25
Costas Skouras; ; 5; 0; 0; 1; 0; 6; 0; 0; 0; 1; 0; 1; 0; 0; 16.7
Ken Lolla; ; 11; 0; 0; 0; 0; 4; 0; 0; 0; 6; 0; 0; 0; 0; 0
Trevor Dawkins; D; 4; 0; 0; 0; 0; 3; 0; 0; 0; 2; 0; 0; 0; 0; 0
Denzil Antonio; D,G; 8; 0; 0; 0; 1; 7; 0; 0; 0; 7; 0; 0; 0; 0; 0
Bill Naumovski; GK; 20; 0; 0; 0; 6; 1; 0; 0; 5; 0; 0; 0; 0; 0; 0
Jamie Swanner; GK; 24; 0; 0; 0; 7; 1; 0; 0; 20; 4; 0; 0; 0; 0; 0
John Lignos; D; 3; 0; 0; 0; 0; 2; 0; 0; 2; 0; 0; 0; 0; 0; 0


Team: Chicago Shoccers

Salvador Valencia; ; 40; 0; 0; 47; 28; 0; 0; 0; 10; 16; 9; 0; 6; 0; 
Elvis Comrie; F; 40; 0; 0; 37; 31; 0; 0; 0; 16; 9; 9; 0; 6; 0; 
Mike Lashchev; D,F,M; 30; 0; 0; 26; 22; 0; 0; 0; 17; 2; 3; 0; 1; 0; 
Martin Rincon; ; 40; 0; 0; 21; 14; 0; 0; 0; 16; 54; 5; 0; 2; 0; 
Rudy Glenn; M,D; 35; 0; 0; 18; 14; 0; 0; 0; 14; 39; 0; 0; 2; 0; 
Ruben Stivan; M; 33; 0; 0; 15; 17; 0; 0; 0; 6; 11; 1; 0; 1; 0; 
Nick Dosen; ; 20; 0; 0; 14; 16; 0; 0; 0; 12; 5; 1; 0; 4; 0; 
Neil Swindels; ; 27; 0; 0; 11; 10; 0; 0; 0; 8; 3; 1; 0; 1; 0; 
Keith Fulk; F; 36; 0; 0; 7; 8; 0; 0; 0; 4; 9; 1; 0; 0; 0; 
Chris Karabatsis; ; 29; 0; 0; 5; 0; 0; 0; 0; 6; 5; 1; 0; 1; 0; 
Louis Mateus; ; 42; 0; 0; 3; 9; 0; 0; 0; 10; 101; 1; 0; 0; 0; 
Tom Isirov; ; 18; 0; 0; 3; 5; 0; 0; 0; 0; 0; 0; 0; 0; 0; 
Dave Wolf; M; 41; 0; 0; 3; 3; 0; 0; 0; 4; 33; 0; 0; 0; 0; 
Galdino Santilla; ; 7; 0; 0; 3; 0; 0; 0; 0; 0; 1; 1; 0; 0; 0; 
Janusz Kieca; ; 7; 0; 0; 3; 3; 0; 0; 0; 0; 1; 1; 0; 0; 0; 
Greg Ryan; D; 17; 0; 0; 2; 3; 0; 0; 0; 0; 3; 0; 0; 0; 0; 
Juan Carlos Michia; D,F; 12; 0; 0; 2; 2; 0; 0; 0; 2; 5; 0; 0; 0; 0; 
Steve Swanson; ; 29; 0; 0; 1; 3; 0; 0; 0; 4; 16; 0; 0; 0; 0; 
Matt Clark; GK; 1; 0; 0; 0; 0; 0; 0; 0; 2; 0; 0; 0; 0; 0; 
Branko Pantovic; ; 1; 0; 0; 0; 0; 0; 0; 0; 0; 0; 0; 0; 0; 0; 
Zoran Jerenic; ; 2; 0; 0; 0; 0; 0; 0; 0; 0; 0; 0; 0; 0; 0; 
Jose Garcia; GK; 13; 0; 0; 0; 1; 0; 0; 0; 0; 0; 0; 0; 0; 0; 
Paul Zimmerman; GK; 39; 0; 0; 0; 6; 0; 0; 0; 8; 0; 0; 0; 0; 0; 
Bret Hall; M,D; 1; 0; 0; 0; 0; 0; 0; 0; 0; 0; 0; 0; 0; 0; 


Team: Louisville Thunder

Zoran Savic; F; 41; 0; 0; 42; 34; 0; 0; 0; 16; 10; 7; 0; 12; 3; 
Jim Gabarra; F; 40; 0; 0; 36; 23; 0; 0; 0; 8; 40; 2; 0; 1; 0; 
Gary Amlong; F; 24; 0; 0; 30; 9; 0; 0; 0; 10; 8; 7; 0; 3; 0; 
Chris Hellenkamp; F,M; 41; 0; 0; 26; 36; 0; 0; 0; 4; 39; 2; 0; 2; 0; 
Tom Hayes; F; 38; 0; 0; 19; 13; 0; 0; 0; 14; 39; 1; 0; 1; 0; 
Saeed Bakhtiari; D; 42; 0; 0; 9; 8; 0; 0; 0; 14; 99; 0; 0; 1; 0; 
Yilmaz Orhan; M,F; 21; 0; 0; 9; 19; 0; 0; 0; 4; 9; 1; 0; 1; 0; 
Tim Sedlacek; F; 26; 0; 0; 8; 4; 0; 0; 0; 6; 5; 0; 0; 0; 0; 
Janusz Michallik; M; 40; 0; 0; 5; 8; 0; 0; 0; 6; 49; 0; 0; 0; 0; 
David Fernandez; ; 13; 0; 0; 5; 1; 0; 0; 0; 2; 4; 0; 0; 0; 0; 
Moe Suri; ; 29; 0; 0; 5; 0; 0; 0; 0; 4; 10; 0; 0; 0; 0; 
Keith Tozer; F,D; 9; 0; 0; 4; 2; 0; 0; 0; 6; 17; 0; 0; 2; 0; 
Caleb Suri; F,M/F; 39; 0; 0; 3; 15; 0; 0; 0; 22; 53; 0; 0; 0; 0; 
Paul Kato; ; 38; 0; 0; 2; 9; 0; 0; 0; 24; 79; 0; 0; 1; 0; 
Tommy Mulroy; D,F; 7; 0; 0; 1; 1; 0; 0; 0; 0; 0; 0; 0; 0; 0; 
Victor Petroni; GK; 26; 0; 0; 0; 3; 0; 0; 0; 16; 0; 0; 0; 0; 0; 
A.J. Lachowecki; GK; 21; 0; 0; 0; 4; 0; 0; 0; 12; 0; 0; 0; 0; 0; 
Peter Smith; ; 4; 0; 0; 0; 1; 0; 0; 0; 0; 0; 0; 0; 0; 0; 


Team: Memphis Storm

Oscar Albuquerque; M; 24; 0; 0; 35; 18; 115; 0; 0; 4; 6; 8; 0; 4; 0; 30.4
Martin Vasquez; M; 40; 0; 0; 27; 24; 165; 0; 0; 10; 23; 6; 0; 5; 0; 16.4
Ted Hantak; F; 20; 0; 0; 24; 13; 96; 0; 0; 16; 3; 7; 0; 2; 0; 25
Greg Willin; D; 35; 0; 0; 16; 14; 108; 0; 0; 37; 50; 1; 0; 4; 2; 14.8
Tony Johnson; F; 38; 0; 0; 13; 26; 113; 0; 0; 22; 6; 2; 0; 2; 0; 11.5
Boro Sucevic; D; 41; 0; 0; 11; 10; 81; 0; 0; 22; 35; 0; 0; 2; 0; 13.6
Ramiro Borja; ; 32; 0; 0; 10; 4; 42; 0; 0; 4; 3; 0; 0; 1; 0; 23.8
Juan Yepez; ; 38; 0; 0; 9; 6; 63; 0; 0; 10; 20; 0; 0; 3; 0; 14.3
Shaun Pendleton; ; 42; 0; 0; 8; 3; 52; 0; 0; 12; 74; 0; 0; 0; 0; 15.4
Darrin Jones; ; 20; 0; 0; 5; 6; 31; 0; 0; 0; 5; 0; 0; 0; 0; 16.1
Tony Peszneker; D,M,D/M; 41; 0; 0; 5; 9; 59; 0; 0; 2; 98; 0; 0; 0; 0; 8.5
Antonio Carbognani; M; 32; 0; 0; 4; 16; 104; 0; 0; 4; 30; 1; 0; 1; 0; 3.8
Damien Kelly; F; 39; 0; 0; 4; 2; 35; 0; 0; 6; 8; 0; 0; 0; 0; 11.4
Austin Hudson; F; 19; 0; 0; 3; 4; 21; 0; 0; 0; 3; 0; 0; 0; 0; 14.3
Vincent Beck; D; 32; 0; 0; 3; 3; 38; 0; 0; 6; 65; 3; 0; 0; 0; 7.9
Ruben Astigarraga; F,M; 4; 0; 0; 2; 0; 8; 0; 0; 0; 0; 2; 0; 0; 0; 25
Tony Whicker; ; 32; 0; 0; 1; 3; 28; 0; 0; 4; 35; 0; 0; 0; 0; 3.6
Yaro Dachniwsky; GK; 18; 0; 0; 0; 1; 0; 0; 0; 2; 0; 0; 0; 0; 0; 
Armando Ceja; ; 8; 0; 0; 0; 0; 3; 0; 0; 0; 0; 0; 0; 0; 0; 0
Ed Puskarich; D; 3; 0; 0; 0; 0; 1; 0; 0; 0; 3; 0; 0; 0; 0; 0
Larry Creson; ; 4; 0; 0; 0; 1; 1; 0; 0; 0; 0; 0; 0; 0; 0; 0
Terry Nicholl; M; 10; 0; 0; 0; 3; 7; 0; 0; 0; 1; 0; 0; 0; 0; 0
Daniel Gonzalez; GK; 2; 0; 0; 0; 0; 0; 0; 0; 0; 0; 0; 0; 0; 0; 
Manny Sanchez; G; 26; 0; 0; 0; 2; 0; 0; 0; 10; 0; 0; 0; 0; 0; 
Bernd Holzenbein; M; 4; 0; 0; 0; 1; 4; 0; 0; 0; 1; 0; 0; 0; 0; 0



Team: Milwaukee Wave

John Dolinsky; D-F; 40; 0; 0; 16; 19; 176; 0; 72; 12; 64; 5; 0; 2; 0; 9.1
Steve Moyers; F; 14; 0; 0; 15; 3; 58; 0; 23; 0; 5; 2; 1; 1; 0; 25.9
Louis Bennett; ; 35; 0; 0; 13; 10; 78; 0; 73; 14; 10; 8; 0; 2; 0; 16.7
Jeff Rogers; F; 39; 0; 0; 13; 7; 95; 0; 53; 2; 26; 1; 0; 0; 0; 13.7
Tim Alioto; D; 39; 0; 0; 11; 9; 80; 0; 43; 6; 46; 7; 0; 0; 0; 13.8
Dzung Tran; F; 38; 0; 0; 10; 8; 100; 0; 40; 4; 10; 1; 0; 1; 1; 10
George Pastor; M; 17; 0; 0; 8; 8; 69; 0; 38; 8; 6; 2; 0; 1; 0; 11.6
Pete Knezic; F; 35; 0; 0; 7; 20; 151; 0; 53; 4; 24; 1; 0; 2; 0; 4.6
Lito Zabala; ; 16; 0; 0; 7; 3; 43; 0; 21; 8; 3; 0; 0; 0; 0; 16.3
Oscar Padilla; ; 39; 0; 0; 5; 5; 44; 0; 64; 27; 53; 0; 0; 0; 0; 11.4
Lee Rogers; ; 25; 0; 0; 4; 3; 34; 0; 25; 10; 19; 0; 0; 0; 0; 11.8
Sasho Cirovski; ; 26; 0; 0; 4; 6; 44; 0; 23; 0; 10; 0; 0; 0; 0; 9.1
Larry Sunderland; ; 37; 0; 0; 3; 1; 52; 0; 36; 2; 52; 0; 0; 0; 0; 5.8
Tunji Akiwowo; ; 11; 0; 0; 1; 1; 12; 0; 13; 2; 6; 0; 0; 0; 0; 8.3
Horst Fleps; F; 13; 0; 0; 1; 1; 27; 0; 9; 2; 2; 0; 0; 0; 0; 3.7
Mike Schultz; ; 10; 0; 0; 0; 1; 18; 0; 21; 4; 10; 0; 0; 0; 0; 0
Tony Pierce; GK; 21; 0; 0; 0; 2; 2; 0; 8; 12; 0; 0; 0; 0; 0; 0
Rick Schweizer; GK; 23; 0; 0; 0; 4; 9; 0; 7; 12; 0; 0; 0; 0; 0; 0
Jonathan Bergen; ; 2; 0; 0; 0; 0; 0; 0; 0; 0; 1; 0; 0; 0; 0; 

Team: Tampa Bay Rowdies

Tim Walters; F; 41; 0; 0; 26; 18; 0; 0; 0; 12; 23; 5; 0; 2; 0; 
Steve Wegerle; F; 35; 0; 0; 26; 36; 0; 0; 0; 12; 13; 8; 0; 4; 0; 
Soloman Hilton; F; 40; 0; 0; 19; 10; 0; 0; 0; 2; 6; 1; 0; 1; 0; 
Aleksey Korol; F; 20; 0; 0; 13; 9; 0; 0; 0; 2; 2; 5; 0; 4; 0; 
Nathan Sacks; D,M,F; 19; 0; 0; 12; 8; 0; 0; 0; 10; 32; 4; 0; 1; 0; 
Ruben Astigarraga; F,M; 12; 0; 0; 10; 10; 0; 0; 0; 4; 2; 0; 0; 0; 0; 
Peter Roe; D/M,D,F,M; 38; 0; 0; 10; 15; 0; 0; 0; 29; 63; 1; 0; 2; 0; 
Duncan MacEwan; M,F; 23; 0; 0; 8; 4; 0; 0; 0; 4; 38; 3; 0; 0; 0; 
Jay White; ; 31; 0; 0; 4; 5; 0; 0; 0; 8; 22; 1; 0; 0; 0; 
Nick Mangione; M; 16; 0; 0; 3; 3; 0; 0; 0; 4; 8; 0; 0; 1; 0; 
Mark Lindsay; M,D,F; 18; 0; 0; 2; 3; 0; 0; 0; 4; 8; 0; 0; 2; 0; 
Paul Roe; M,F,D/M; 22; 0; 0; 2; 2; 0; 0; 0; 8; 18; 0; 0; 0; 0; 
David Dodge; ; 21; 0; 0; 2; 1; 0; 0; 0; 4; 15; 0; 0; 0; 0; 
Wim Suurbier; D,M/D; 10; 0; 0; 0; 0; 0; 0; 0; 2; 12; 0; 0; 0; 0; 
Tom Borer; GK; 8; 0; 0; 0; 0; 0; 0; 0; 0; 0; 0; 0; 0; 0; 
Mike Balson; D; 8; 0; 0; 0; 0; 0; 0; 0; 4; 12; 0; 0; 0; 0; 
Geoff Wegerle; F; 10; 0; 0; 0; 0; 0; 0; 0; 0; 3; 0; 0; 0; 0; 
Arsene Auguste; D; 11; 0; 0; 0; 1; 0; 0; 0; 4; 10; 0; 0; 0; 0; 
Arnie Mausser; GK; 35; 0; 0; 0; 2; 0; 0; 0; 10; 0; 0; 0; 0; 0; 
Steve Savage; ; 6; 0; 0; 0; 0; 0; 0; 0; 0; 0; 0; 0; 0; 0; 
Tony Frankovich; ; 9; 0; 0; 0; 1; 0; 0; 0; 4; 4; 0; 0; 1; ; 


Team: Toledo Pride

Carlos Salguero; F; 42; 0; 0; 45; 23; 0; 0; 0; 0; 6; 5; 0; 2; 0; 
Dean Kelly; F; 32; 0; 0; 31; 16; 0; 0; 0; 14; 16; 7; 0; 3; 0; 
Ted Powers; ; 32; 0; 0; 16; 31; 0; 0; 0; 2; 6; 7; 0; 3; 0; 
Neil Ridgeway; ; 38; 0; 0; 15; 12; 0; 0; 0; 4; 6; 4; 0; 1; 0; 
Mark Jackson; ; 41; 0; 0; 14; 6; 0; 0; 0; 0; 0; 0; 0; 0; 0; 
Bobby Dinunzio; ; 42; 0; 0; 11; 17; 0; 0; 0; 4; 6; 4; 0; 1; 0; 
Mike Garrett; F; 19; 0; 0; 9; 4; 0; 0; 0; 2; 8; 1; 0; 1; 0; 
Steve McCargo; ; 11; 0; 0; 7; 4; 0; 0; 0; 0; 1; 2; 0; 1; 0; 
Jimmy McGeough; D,M; 35; 0; 0; 7; 8; 0; 0; 0; 0; 0; 0; 0; 0; 0; 
Lesh Shkreli; F,M; 16; 0; 0; 7; 9; 57; 0; 0; 2; 7; 1; 0; 0; 0; 12.3
John Rudovic; D; 16; 0; 0; 4; 5; 0; 0; 0; 4; 30; 1; 0; 0; 0; 
Mark Christensen; D; 41; 0; 0; 4; 14; 0; 0; 0; 24; 89; 0; 0; 1; 0; 
Dave Masur; D; 36; 0; 0; 2; 9; 0; 0; 0; 20; 49; 0; 0; 0; 0; 
John McDermott; F,M; 19; 0; 0; 2; 3; 0; 0; 0; 4; 0; 0; 0; 0; 0; 
Mark Arya; ; 5; 0; 0; 1; 1; 0; 0; 0; 0; 1; 0; 0; 0; 0; 
Michael Kaham; D; 14; 0; 0; 1; 4; 0; 0; 0; 2; 29; 0; 0; 0; 0; 
Nick O'Shea; ; 9; 0; 0; 0; 0; 0; 0; 0; 8; 8; 0; 0; 0; 0; 
Miguel Garcia; GK; 8; 0; 0; 0; 0; 0; 0; 0; 4; 0; 0; 0; 0; 0; 
Rob Van Rheenen; ; 3; 0; 0; 0; 0; 0; 0; 0; 0; 0; 0; 0; 0; 0; 
John Burgmeier; ; 17; 0; 0; 0; 0; 0; 0; 0; 0; 5; 0; 0; 0; 0; 
Francois Van Der Elst; F; 6; 0; 0; 0; 0; 0; 0; 0; 2; 3; 0; 0; 0; 0; 
Dragoslav Jaha; M; 14; 0; 0; 0; 2; 0; 0; 0; 6; 18; 0; 0; 0; 0; 
John Stahl; GK; 28; 0; 0; 0; 3; 0; 0; 0; 8; 0; 0; 0; 0; 0; 
Juan Vega; ; 23; 0; 0; 0; 2; 0; 0; 0; 0; 13; 0; 0; 0; 0; 
Amir Haririan; ; 2; 0; 0; 0; 0; 0; 0; 0; 0; 1; 0; 0; 0; 0; 
Cliff Brown; GK; 14; 0; 0; 0; 1; 0; 0; 0; 4; 0; 0; 0; 0; 0; 


Season: 1987-1988
Team: Canton Invaders

Rudy Pikuzinski; F; 23; 0; 0; 24; 18; 0; 0; 0; 10; 12; 12; 0; 3; 0; 
Steve Frick; ; 20; 0; 0; 20; 5; 0; 0; 0; 18; 9; 2; 0; 2; 0; 
Bobby Dinunzio; ; 23; 0; 0; 9; 4; 0; 0; 0; 2; 17; 0; 0; 1; 0; 
Salvador Valencia; ; 14; 0; 0; 8; 3; 0; 0; 0; 4; 5; 2; 0; 1; 1; 
Oscar Pisano; D; 22; 0; 0; 7; 8; 0; 0; 0; 14; 57; 4; 0; 0; 0; 
Ken Lolla; ; 21; 0; 0; 6; 7; 0; 0; 0; 0; 18; 0; 0; 0; 0; 
Janusz Michallik; M; 22; 0; 0; 6; 12; 0; 0; 0; 6; 53; 3; 0; 0; 0; 
Gerald Celestin; F; 11; 0; 0; 5; 3; 0; 0; 0; 0; 1; 0; 0; 2; 0; 
Costas Skouras; ; 16; 0; 0; 5; 7; 0; 0; 0; 2; 12; 1; 0; 1; 0; 
Renato Galich; ; 14; 0; 0; 4; 0; 0; 0; 0; 2; 1; 0; 0; 1; 0; 
Walter Schlothauer; D,F; 22; 0; 0; 4; 10; 0; 0; 0; 8; 24; 0; 0; 0; 0; 
Tim Tyma; D; 14; 0; 0; 2; 9; 0; 0; 0; 23; 26; 0; 0; 0; 0; 
Denzil Antonio; D,G; 20; 0; 0; 2; 3; 0; 0; 0; 4; 18; 0; 0; 0; 0; 
John Lignos; D; 5; 0; 0; 2; 1; 0; 0; 0; 4; 6; 0; 0; 0; 0; 
Joe Pavlek; ; 4; 0; 0; 1; 1; 0; 0; 0; 0; 0; 0; 0; 0; 0; 
Tom Condric; D; 8; 0; 0; 1; 1; 0; 0; 0; 0; 3; 0; 0; 0; 0; 
Greg Nichols; F; 5; 0; 0; 1; 0; 0; 0; 0; 0; 1; 0; 0; 0; 0; 
Kenny Killingsworth; F; 5; 0; 0; 1; 2; 0; 0; 0; 0; 3; 0; 0; 0; 0; 
Trevor Dawkins; D; 3; 0; 0; 0; 1; 0; 0; 0; 2; 0; 0; 0; 0; 0; 
Jamie Swanner; GK; 4; 0; 0; 0; 0; 0; 0; 0; 0; 0; 0; 0; 0; 0; 
Bill Naumovski; GK; 16; 0; 0; 0; 1; 0; 0; 0; 0; 0; 0; 0; 0; 0; 
Lyn Venable; GK; 6; 0; 0; 0; 2; 0; 0; 0; 6; 0; 0; 0; 0; 0; 
Karim Murabet; ; 1; 0; 0; 0; 0; 0; 0; 0; 0; 0; 0; 0; 0; 0; 
Peter Smith; ; 8; 0; 0; 0; 3; 0; 0; 0; 0; 1; 0; 0; 0; 0; 
Randy Pikuzinski; F; 5; 0; 0; 0; 2; 0; 0; 0; 8; 1; 0; 0; 0; 0; 


Team: Dayton Dynamo

Soloman Hilton; F; 7; 0; 0; 8; 3; 33; 0; 0; 0; 5; 0; 0; 0; 0; 24.2
Gee Peckich; ; 11; 0; 0; 6; 2; 20; 0; 0; 0; 4; 0; 0; 0; 0; 30
Louis Bennett; ; 11; 0; 0; 5; 3; 25; 0; 0; 2; 10; 3; 0; 0; 0; 20
Gerald Celestin; F; 11; 0; 0; 5; 11; 44; 0; 0; 2; 4; 0; 0; 1; 0; 11.4
Tom Alioto; D; 12; 0; 0; 4; 7; 47; 0; 0; 4; 18; 1; 0; 1; 0; 8.5
Kris Klassen; ; 8; 0; 0; 3; 1; 4; 0; 0; 0; 1; 0; 0; 0; 0; 75
Ed Puskarich; D; 12; 0; 0; 3; 6; 30; 0; 0; 2; 15; 0; 0; 1; 0; 10
Tom Fite; ; 12; 0; 0; 2; 2; 23; 0; 0; 0; 14; 0; 0; 0; 0; 8.7
Keenan Mikal; ; 12; 0; 0; 2; 0; 32; 0; 0; 16; 15; 0; 0; 0; 0; 6.3
Oscar Padilla; ; 10; 0; 0; 2; 1; 8; 0; 0; 4; 14; 0; 0; 0; 0; 25
John Burgmeier; ; 10; 0; 0; 1; 0; 7; 0; 0; 4; 7; 0; 0; 0; 0; 14.3
Ed Ruff; ; 8; 0; 0; 0; 0; 2; 0; 0; 0; 10; 0; 0; 0; 0; 0
John Luksic; ; 4; 0; 0; 0; 0; 1; 0; 0; 4; 0; 0; 0; 0; 0; 0
Damien Kelly; F; 2; 0; 0; 0; 0; 5; 0; 0; 2; 1; 0; 0; 0; 0; 0
Peter Tadrick; ; 9; 0; 0; 0; 0; 5; 0; 0; 0; 2; 0; 0; 0; 0; 0
David Kasper; ; 2; 0; 0; 0; 1; 10; 0; 0; 2; 1; 0; 0; 0; 0; 0
Ulysses Flores; ; 3; 0; 0; 0; 1; 0; 0; 0; 0; 0; 0; 0; 0; 0; 
Mike Sheparovich; ; 11; 0; 0; 0; 0; 0; 0; 0; 0; 0; 0; 0; 0; 0; 


Team: Memphis Storm

Ted Hantak; F; 22; 0; 0; 21; 10; 0; 0; 0; 27; 3; 3; 0; 4; 0; 
Martin Vasquez; M; 23; 0; 0; 17; 18; 0; 0; 0; 10; 8; 10; 0; 2; 0; 
Rod Castro; M,D; 23; 0; 0; 13; 7; 0; 0; 0; 8; 10; 1; 0; 0; 0; 
Darrin Jones; ; 21; 0; 0; 10; 1; 0; 0; 0; 2; 5; 0; 0; 0; 0; 
Greg Willin; D; 21; 0; 0; 10; 7; 0; 0; 0; 30; 25; 4; 0; 3; 0; 
Antonio Carbognani; M; 19; 0; 0; 10; 11; 0; 0; 0; 6; 17; 3; 0; 0; 0; 
Diego Castro; F,M; 23; 0; 0; 9; 11; 0; 0; 0; 4; 15; 3; 0; 1; 0; 
Tim Bartro; F; 17; 0; 0; 5; 6; 0; 0; 0; 10; 4; 0; 0; 1; 0; 
Vincent Beck; D; 23; 0; 0; 4; 6; 0; 0; 0; 4; 86; 0; 0; 1; 0; 
Boro Sucevic; D; 23; 0; 0; 3; 3; 0; 0; 0; 8; 9; 0; 0; 1; 0; 
Shaun Pendleton; ; 23; 0; 0; 2; 5; 0; 0; 0; 10; 51; 0; 0; 0; 0; 
Juan Yepez; ; 3; 0; 0; 2; 0; 0; 0; 0; 2; 2; 0; 0; 1; 0; 
Larry Creson; ; 3; 0; 0; 1; 0; 0; 0; 0; 0; 0; 0; 0; 1; 0; 
Bench; ; 0; 0; 0; 1; 0; 0; 0; 0; 68; 0; 0; 0; 0; 0; 
Mike Kauker; ; 4; 0; 0; 0; 0; 0; 0; 0; 0; 4; 0; 0; 0; 0; 
Armando Ceja; ; 2; 0; 0; 0; 0; 0; 0; 0; 0; 1; 0; 0; 0; 0; 
Jorge Valenzuela; GK; 2; 0; 0; 0; 0; 0; 0; 0; 0; 0; 0; 0; 0; 0; 
Yaro Dachniwsky; GK; 11; 0; 0; 0; 1; 0; 0; 0; 4; 0; 0; 0; 0; 0; 
Tom Fite; ; 18; 0; 0; 0; 1; 0; 0; 0; 0; 3; 0; 0; 0; 0; 
Tony Peszneker; D,M,D/M; 20; 0; 0; 0; 3; 0; 0; 0; 0; 61; 0; 0; 0; 0; 
Tony Whicker; ; 23; 0; 0; 0; 1; 0; 0; 0; 0; 20; 0; 0; 0; 0; 
Mark Mckracken; ; 1; 0; 0; 0; 0; 0; 0; 0; 0; 0; 0; 0; 0; 0; 
Manny Sanchez; G; 12; 0; 0; 0; 1; 0; 0; 0; 4; 0; 0; 0; 0; 0; 


Team: Milwaukee Wave

George Pastor; M; 23; 0; 0; 18; 15; 0; 0; 0; 2; 13; 3; 0; 1; 0; 
Art Kramer; F; 23; 0; 0; 16; 12; 0; 0; 0; 9; 16; 6; 0; 3; 0; 
Hayden Knight; D,F,M; 22; 0; 0; 14; 8; 0; 0; 0; 10; 16; 4; 0; 0; 0; 
Dean Kelly; F; 23; 0; 0; 11; 3; 0; 0; 0; 14; 10; 1; 0; 1; 0; 
Randy Pikuzinski; F; 14; 0; 0; 6; 6; 0; 0; 0; 8; 4; 3; 0; 1; 0; 
Peter Smith; ; 5; 0; 0; 4; 1; 0; 0; 0; 4; 1; 0; 0; 0; 0; 
Lee Rogers; ; 12; 0; 0; 4; 3; 0; 0; 0; 8; 27; 0; 0; 0; 0; 
Tom Alioto; D; 15; 0; 0; 4; 3; 0; 0; 0; 14; 14; 1; 0; 1; 0; 
Pete Knezic; F; 16; 0; 0; 4; 7; 0; 0; 0; 0; 14; 0; 0; 1; 0; 
Jimmy Banks; ; 17; 0; 0; 4; 3; 0; 0; 0; 4; 28; 0; 0; 0; 0; 
Tim Alioto; D; 24; 0; 0; 3; 10; 0; 0; 0; 6; 15; 2; 0; 1; 0; 
Saeed Bakhtiari; D; 22; 0; 0; 3; 6; 0; 0; 0; 8; 68; 0; 0; 1; 0; 
Caleb Suri; F,M/F; 16; 0; 0; 3; 2; 0; 0; 0; 8; 10; 0; 0; 0; 0; 
Yilmaz Orhan; M,F; 6; 0; 0; 2; 2; 0; 0; 0; 2; 1; 0; 0; 0; 0; 
John Dolinsky; D-F; 11; 0; 0; 2; 4; 0; 0; 0; 4; 3; 2; 0; 0; 0; 
John Stone; ; 5; 0; 0; 1; 0; 0; 0; 0; 0; 0; 0; 0; 0; 0; 
Mike Schultz; ; 20; 0; 0; 1; 1; 0; 0; 0; 4; 19; 0; 0; 0; 0; 
Moe Suri; ; 16; 0; 0; 1; 2; 0; 0; 0; 6; 7; 0; 0; 0; 0; 
Tim Tyma; D; 6; 0; 0; 1; 3; 0; 0; 0; 2; 31; 0; 0; 0; 0; 
Robert Vosmaer; M/F,D,M; 6; 0; 0; 1; 4; 0; 0; 0; 4; 8; 1; 0; 0; 0; 
Rick Schweizer; GK; 2; 0; 0; 0; 0; 0; 0; 0; 0; 0; 0; 0; 0; 0; 
Mark Berry; GK; 6; 0; 0; 0; 0; 0; 0; 0; 2; 0; 0; 0; 0; 0; 
Tony Pierce; GK; 18; 0; 0; 0; 1; 0; 0; 0; 10; 0; 0; 0; 0; 0; 
Keenan Mikal; ; 1; 0; 0; 0; 0; 0; 0; 0; 0; 0; 0; 0; 0; 0; 


Season: 1988-1989
Team: Canton Invaders


Rudy Pikuzinski; F; 32; 0; 0; 49; 21; 0; 0; 0; 27; 21; 0; 0; 0; 0; 
Alex Tarnoczi; F,F/M,M/F,M; 33; 0; 0; 34; 5; 0; 0; 0; 12; 34; 0; 0; 0; 0; 
Steve Frick; ; 31; 0; 0; 29; 18; 0; 0; 0; 18; 40; 0; 0; 0; 0; 
Marcelo Carrera; F; 31; 0; 0; 29; 27; 0; 0; 0; 5; 7; 0; 0; 0; 0; 
Bobby Dinunzio; ; 40; 0; 0; 16; 20; 0; 0; 0; 4; 34; 0; 0; 0; 0; 
Randy Pikuzinski; F; 34; 0; 0; 12; 18; 0; 0; 0; 22; 38; 0; 0; 0; 0; 
Denzil Antonio; D,G; 31; 0; 0; 11; 13; 0; 0; 0; 11; 42; 0; 0; 0; 0; 
Greg Nichols; F; 32; 0; 0; 9; 8; 0; 0; 0; 10; 24; 0; 0; 0; 0; 
Michael Dinunzio; ; 23; 0; 0; 8; 7; 0; 0; 0; 4; 28; 0; 0; 0; 0; 
Costas Skouras; ; 35; 0; 0; 8; 4; 0; 0; 0; 6; 16; 0; 0; 0; 0; 
Oscar Pisano; D; 23; 0; 0; 7; 8; 0; 0; 0; 4; 39; 0; 0; 0; 0; 
Mike Paxos; ; 33; 0; 0; 3; 4; 0; 0; 0; 5; 50; 0; 0; 0; 0; 
Doug Swanson; ; 32; 0; 0; 2; 6; 0; 0; 0; 3; 1; 0; 0; 0; 0; 
Gerry Van Der Merwe; ; 9; 0; 0; 1; 0; 0; 0; 0; 0; 0; 0; 0; 0; 0; 
Bill Naumovski; GK; 11; 0; 0; 0; 0; 0; 0; 0; 0; 0; 0; 0; 0; 0; 
Jamie Swanner; GK; 32; 0; 0; 0; 0; 0; 0; 0; 0; 0; 0; 0; 0; 0; 
Rainer Uhlir; ; 6; 0; 0; 0; 0; 0; 0; 0; 0; 1; 0; 0; 0; 0; 


Team: Chicago Power

Karl-Heinz Granitza; F; 38; 0; 0; 61; 25; 0; 0; 0; 5; 4; 0; 0; 0; 0; 
Batata; F; 33; 0; 0; 30; 35; 0; 0; 0; 21; 16; 0; 0; 0; 0; 
Viktor Jakovljevic; ; 38; 0; 0; 16; 5; 0; 0; 0; 7; 41; 0; 0; 0; 0; 
Oscar Albuquerque; M; 37; 0; 0; 16; 19; 0; 0; 0; 10; 41; 0; 0; 0; 0; 
Mike Richardson; D; 37; 0; 0; 11; 7; 0; 0; 0; 14; 50; 0; 0; 0; 0; 
David Richardson; ; 39; 0; 0; 11; 7; 0; 0; 0; 7; 27; 0; 0; 0; 0; 
Manny Rojas; M; 30; 0; 0; 7; 22; 0; 0; 0; 5; 20; 0; 0; 0; 0; 
Bret Hall; M,D; 40; 0; 0; 7; 17; 0; 0; 0; 9; 59; 0; 0; 0; 0; 
Tom Isirov; ; 39; 0; 0; 7; 3; 0; 0; 0; 12; 33; 0; 0; 0; 0; 
Victor Quni; F; 22; 0; 0; 4; 0; 0; 0; 0; 4; 5; 0; 0; 0; 0; 
Keder; F,M/F; 1; 0; 0; 1; 3; 0; 0; 0; 0; 0; 0; 0; 0; 0; 
Mark Simpson; GK; 11; 0; 0; 0; 0; 0; 0; 0; 0; 0; 0; 0; 0; 0; 
Brad Hauter; GK; 7; 0; 0; 0; 0; 0; 0; 0; 0; 0; 0; 0; 0; 0; 
Jay McCutcheon; GK; 32; 0; 0; 0; 0; 0; 0; 0; 0; 0; 0; 0; 0; 0; 
Albert Adade; D; 29; 0; 0; 0; 4; 0; 0; 0; 11; 44; 0; 0; 0; 0; 
Firous Soltan-Mohammadi; ; 3; 0; 0; 0; 0; 0; 0; 0; 0; 3; 0; 0; 0; 0; 
Louis Mateus; ; 5; 0; 0; 0; 1; 0; 0; 0; 0; 6; 0; 0; 0; 0; 


Team: Dayton Dynamo

Gino DiFlorio; F; 26; 0; 0; 25; 24; 236; 0; 47; 7; 7; 2; 3; 4; 0; 10.6
Scott Cook; ; 39; 0; 0; 23; 11; 117; 0; 76; 10; 48; 0; 1; 0; 0; 19.7
Kevin Sloan; M; 31; 0; 0; 14; 7; 92; 0; 93; 13; 23; 0; 0; 1; 0; 15.2
Tony Bono; M,D; 37; 0; 0; 13; 9; 99; 0; 83; 11; 52; 1; 0; 1; 0; 13.1
Soloman Hilton; F; 31; 0; 0; 9; 5; 61; 0; 60; 7; 16; 1; 0; 0; 0; 14.8
Hylton Dayes; ; 25; 0; 0; 8; 3; 44; 0; 93; 9; 39; 0; 0; 1; 0; 18.2
Caleb Suri; F,M/F; 35; 0; 0; 5; 1; 69; 0; 87; 15; 50; 0; 0; 0; 0; 7.2
Mark Christensen; D; 39; 0; 0; 5; 13; 69; 0; 71; 14; 57; 0; 0; 0; 0; 7.2
Jimmy McGeough; D,M; 17; 0; 0; 4; 2; 30; 0; 48; 7; 33; 0; 0; 1; 0; 13.3
Joe Pavlek; ; 12; 0; 0; 4; 2; 33; 0; 8; 2; 6; 3; 0; 0; 0; 12.1
Jeff Popp; ; 31; 0; 0; 4; 4; 42; 0; 73; 8; 29; 0; 0; 1; 0; 9.5
Victor Quni; F; 11; 0; 0; 4; 2; 50; 0; 40; 2; 6; 0; 0; 0; 0; 8
Gerald Celestin; F; 6; 0; 0; 3; 2; 21; 0; 2; 1; 0; 0; 0; 0; 0; 14.3
Andrew McKay; ; 19; 0; 0; 2; 10; 47; 0; 75; 3; 14; 0; 0; 1; 0; 4.3
Mark Moser; F; 8; 0; 0; 2; 1; 15; 0; 16; 1; 1; 0; 0; 0; 0; 13.3
John Burgmeier; ; 22; 0; 0; 2; 1; 17; 0; 29; 1; 11; 0; 0; 0; 0; 11.8
Austin Hudson; F; 11; 0; 0; 2; 3; 24; 0; 12; 1; 6; 0; 0; 0; 0; 8.3
Mark Lugris; M; 18; 0; 0; 2; 4; 51; 0; 24; 1; 11; 0; 0; 0; 0; 3.9
Lee Cumberbatch; ; 7; 0; 0; 1; 0; 3; 0; 4; 0; 0; 0; 0; 0; 0; 33.3
Gee Peckich; ; 15; 0; 0; 1; 2; 23; 0; 25; 3; 7; 0; 0; 1; 0; 4.3
Carlos Pena; GK; 21; 0; 0; 1; 3; 5; 0; 9; 2; 1; 0; 0; 0; 0; 20
Mitch Mordas; GK; 5; 0; 0; 0; 0; 0; 0; 0; 1; 0; 0; 0; 0; 0; 
Arnie Mausser; GK; 9; 0; 0; 0; 0; 0; 0; 0; 1; 0; 0; 0; 0; 0; 
Scott Molfenter; GK; 14; 0; 0; 0; 1; 2; 0; 5; 2; 1; 0; 0; 0; 0; 0
Rick Schweizer; GK; 5; 0; 0; 0; 2; 0; 0; 1; 1; 0; 0; 0; 0; 0; 
Jeff Williams; ; 1; 0; 0; 0; 0; 0; 0; 1; 0; 1; 0; 0; 0; 0; 


Team: Hershey Impact

Franklin McIntosh; F; 34; 0; 0; 36; 26; 0; 0; 0; 14; 19; 0; 0; 0; 0; 
Charlie Greene; F,D,F/M; 39; 0; 0; 32; 13; 0; 0; 0; 14; 32; 0; 0; 0; 0; 
Mark Kerlin; F; 35; 0; 0; 27; 17; 0; 0; 0; 24; 23; 0; 0; 0; 0; 
Sam Mangione; ; 38; 0; 0; 14; 4; 0; 0; 0; 7; 39; 0; 0; 0; 0; 
Jeff Kraft; ; 39; 0; 0; 13; 4; 0; 0; 0; 7; 25; 0; 0; 0; 0; 
Tom Alioto; D; 40; 0; 0; 11; 4; 0; 0; 0; 6; 77; 0; 0; 0; 0; 
Bob Lilley; ; 40; 0; 0; 7; 4; 0; 0; 0; 8; 69; 0; 0; 0; 0; 
Miljice Donev; ; 32; 0; 0; 7; 3; 0; 0; 0; 10; 22; 0; 0; 0; 0; 
Boro Sucevic; D; 30; 0; 0; 6; 5; 0; 0; 0; 8; 29; 0; 0; 0; 0; 
Jim Schwab; D; 17; 0; 0; 4; 3; 0; 0; 0; 3; 31; 0; 0; 0; 0; 
Ben Martin; ; 37; 0; 0; 3; 1; 0; 0; 0; 3; 19; 0; 0; 0; 0; 
Brad Baughan; ; 35; 0; 0; 2; 2; 0; 0; 0; 9; 34; 0; 0; 0; 0; 
Peter Tadrick; ; 3; 0; 0; 0; 1; 0; 0; 0; 0; 0; 0; 0; 0; 0; 
Jimmy McGeough; D,M; 9; 0; 0; 0; 1; 0; 0; 0; 0; 6; 0; 0; 0; 0; 
Larry Tukis; GK; 14; 0; 0; 0; 1; 0; 0; 0; 4; 0; 0; 0; 0; 0; 
Scoop Stanisic; GK; 36; 0; 0; 0; 13; 0; 0; 0; 5; 0; 0; 0; 0; 0; 
Junior Nichols; ; 1; 0; 0; 0; 0; 0; 0; 0; 0; 0; 0; 0; 0; 0; 


Team: Memphis Storm

Rod Castro; M,D; 39; 0; 0; 55; 19; 0; 0; 0; 10; 9; 0; 0; 0; 0; 
Vincent Beck; D; 39; 0; 0; 13; 13; 0; 0; 0; 13; 123; 0; 0; 0; 0; 
Franco Paonessa; ; 32; 0; 0; 13; 4; 0; 0; 0; 4; 27; 0; 0; 0; 0; 
Jay White; ; 37; 0; 0; 12; 16; 0; 0; 0; 15; 28; 0; 0; 0; 0; 
Darrin Jones; ; 37; 0; 0; 9; 5; 0; 0; 0; 2; 9; 0; 0; 0; 0; 
Diego Castro; F,M; 23; 0; 0; 9; 9; 0; 0; 0; 3; 14; 0; 0; 0; 0; 
Ramiro Borja; ; 29; 0; 0; 8; 5; 0; 0; 0; 7; 6; 0; 0; 0; 0; 
Shaun Pendleton; ; 27; 0; 0; 7; 3; 0; 0; 0; 2; 58; 0; 0; 0; 0; 
Antonio Carbognani; M; 39; 0; 0; 5; 19; 0; 0; 0; 6; 49; 0; 0; 0; 0; 
Paul Aur; ; 15; 0; 0; 4; 5; 0; 0; 0; 0; 2; 0; 0; 0; 0; 
Mike Kauker; ; 10; 0; 0; 2; 0; 0; 0; 0; 2; 9; 0; 0; 0; 0; 
Armando Ceja; ; 9; 0; 0; 1; 2; 0; 0; 0; 3; 15; 0; 0; 0; 0; 
Chris Fauser; ; 4; 0; 0; 0; 0; 0; 0; 0; 0; 1; 0; 0; 0; 0; 
Daniel Gonzalez; GK; 5; 0; 0; 0; 0; 0; 0; 0; 0; 0; 0; 0; 0; 0; 
Damien Kelly; F; 6; 0; 0; 0; 1; 0; 0; 0; 0; 0; 0; 0; 0; 0; 
Tony Whicker; ; 40; 0; 0; 0; 7; 0; 0; 0; 4; 73; 0; 0; 0; 0; 
Jorge Valenzuela; GK; 3; 0; 0; 0; 0; 0; 0; 0; 0; 0; 0; 0; 0; 0; 


Team: Milwaukee Wave

Art Kramer; F; 40; 0; 0; 38; 20; 146; 0; 47; 10; 19; 2; 0; 0; 0; 26
Zoran Savic; F; 36; 0; 0; 31; 21; 228; 0; 110; 14; 8; 2; 0; 0; 0; 13.6
George Pastor; M; 36; 0; 0; 23; 13; 177; 0; 85; 8; 15; 1; 0; 0; 0; 13
Dean Kelly; F; 37; 0; 0; 21; 27; 129; 0; 135; 18; 24; 2; 0; 0; 0; 16.3
Greg Willin; D; 33; 0; 0; 13; 6; 97; 0; 105; 25; 53; 1; 0; 0; 0; 13.4
Peter Smith; ; 32; 0; 0; 12; 4; 63; 0; 32; 3; 5; 0; 0; 0; 0; 19
Lee Rogers; ; 40; 0; 0; 12; 6; 76; 0; 76; 8; 57; 0; 0; 0; 0; 15.8
Tim Tyma; D; 31; 0; 0; 10; 16; 79; 0; 99; 21; 82; 0; 0; 0; 0; 12.7
David Kasper; ; 39; 0; 0; 7; 9; 65; 0; 79; 5; 11; 0; 0; 0; 0; 10.8
Ted Hantak; F; 19; 0; 0; 7; 8; 68; 0; 69; 11; 2; 0; 0; 0; 0; 10.3
Pete Knezic; F; 26; 0; 0; 7; 6; 49; 0; 22; 1; 12; 1; 0; 0; 0; 14.3
Saeed Bakhtiari; D; 37; 0; 0; 6; 8; 51; 0; 61; 8; 139; 0; 0; 0; 0; 11.8
Moe Suri; ; 33; 0; 0; 4; 6; 65; 0; 54; 9; 42; 0; 0; 0; 0; 6.2
Jimmy Banks; ; 24; 0; 0; 4; 5; 66; 0; 27; 1; 24; 0; 0; 0; 0; 6.1
Tim Alioto; D; 27; 0; 0; 3; 5; 24; 0; 29; 5; 24; 1; 0; 0; 0; 12.5
Vilmar Marquez; ; 27; 0; 0; 2; 2; 26; 0; 20; 3; 0; 0; 0; 0; 0; 7.7
Robert Vosmaer; M/F,D,M; 12; 0; 0; 1; 1; 18; 0; 15; 0; 12; 0; 0; 0; 0; 5.6
Yaro Dachniwsky; GK; 6; 0; 0; 0; 1; 0; 0; 0; 0; 0; 0; 0; 0; 0; 
Hayden Knight; D,F,M; 5; 0; 0; 0; 1; 7; 0; 3; 0; 1; 0; 0; 0; 0; 0
Tony Pierce; GK; 32; 0; 0; 0; 2; 1; 0; 11; 10; 2; 0; 0; 0; 0; 0
Mark Berry; GK; 12; 0; 0; 0; 0; 0; 0; 0; 2; 0; 0; 0; 0; 0; 


Season: 1989-1990
Team: Atlanta Attack

Peter Hattrup; M; 40; 0; 0; 48; 43; 201; 0; 96; 10; 34; 0; 0; 0; 0; 23.9
Brian Haynes; M; 36; 0; 0; 31; 13; 165; 0; 60; 5; 24; 0; 0; 0; 0; 18.8
Zoran Savic; F; 26; 0; 0; 26; 21; 138; 0; 51; 10; 9; 0; 0; 0; 0; 18.8
Bobby Joe Esposito; F; 29; 0; 0; 26; 8; 88; 0; 49; 2; 18; 0; 0; 0; 0; 29.5
Drago Dumbovic; F; 19; 0; 0; 25; 22; 107; 0; 31; 8; 3; 0; 0; 0; 0; 23.4
Mike Getchell; ; 40; 0; 0; 15; 7; 80; 0; 75; 5; 25; 0; 0; 0; 0; 18.8
Chris Hellenkamp; F,M; 27; 0; 0; 14; 10; 54; 0; 21; 0; 13; 0; 0; 0; 0; 25.9
Gregg Blasingame; D; 31; 0; 0; 10; 13; 68; 0; 100; 24; 62; 0; 0; 0; 0; 14.7
Greg Sheen; ; 14; 0; 0; 7; 4; 16; 0; 18; 4; 6; 0; 0; 0; 0; 43.8
Todd Smith; ; 40; 0; 0; 5; 5; 41; 0; 81; 12; 82; 0; 0; 0; 0; 12.2
Keith Tozer; F,D; 17; 0; 0; 5; 3; 20; 0; 42; 9; 18; 0; 0; 0; 0; 25
Caleb Suri; F,M/F; 16; 0; 0; 4; 3; 35; 0; 37; 12; 32; 0; 0; 0; 0; 11.4
John Diffley; D; 29; 0; 0; 4; 6; 47; 0; 55; 2; 26; 0; 0; 0; 0; 8.5
Mike Peckich; ; 18; 0; 0; 3; 2; 14; 0; 41; 3; 21; 0; 0; 0; 0; 21.4
Glenn Lurie; F; 13; 0; 0; 3; 3; 28; 0; 41; 4; 6; 0; 0; 0; 0; 10.7
Jeff Rogers; F; 26; 0; 0; 3; 8; 26; 0; 32; 2; 9; 0; 0; 0; 0; 11.5
Homer Screws; D; 4; 0; 0; 1; 0; 5; 0; 8; 1; 5; 0; 0; 0; 0; 20
Adrian Brooks; M,F; 14; 0; 0; 1; 1; 10; 0; 19; 2; 24; 0; 0; 0; 0; 10
Hank Henry; GK; 18; 0; 0; 0; 4; 0; 0; 3; 2; 0; 0; 0; 0; 0; 
Yaro Dachniwsky; GK; 26; 0; 0; 0; 5; 0; 0; 10; 5; 0; 0; 0; 0; 0; 
Steve Muccillo; ; 2; 0; 0; 0; 0; 0; 0; 0; 0; 0; 0; 0; 0; 0; 


Team: Canton Invaders

Rudy Pikuzinski; F; 36; 0; 0; 51; 38; 181; 0; 66; 18; 40; 0; 0; 0; 0; 28.2
Steve Frick; ; 37; 0; 0; 50; 18; 163; 0; 78; 17; 33; 0; 1; 0; 0; 30.7
Gino DiFlorio; F; 35; 0; 0; 33; 17; 145; 0; 30; 1; 21; 0; 0; 0; 0; 22.8
Randy Pikuzinski; F; 40; 0; 0; 29; 24; 172; 0; 63; 14; 48; 0; 0; 0; 0; 16.9
Marcelo Carrera; F; 40; 0; 0; 25; 38; 199; 0; 70; 3; 11; 0; 1; 0; 0; 12.6
Chris Pfau; ; 37; 0; 0; 20; 11; 73; 0; 33; 3; 25; 0; 0; 0; 0; 27.4
Bobby Dinunzio; ; 40; 0; 0; 17; 29; 73; 0; 52; 6; 51; 0; 0; 0; 0; 23.3
Michael Dinunzio; ; 40; 0; 0; 13; 23; 107; 0; 84; 8; 82; 0; 0; 0; 0; 12.1
Doug Swanson; ; 40; 0; 0; 13; 11; 65; 0; 23; 1; 47; 0; 0; 0; 0; 20
Oscar Pisano; D; 38; 0; 0; 9; 13; 65; 0; 50; 8; 92; 0; 0; 0; 0; 13.8
Greg Nichols; F; 40; 0; 0; 9; 4; 60; 0; 54; 7; 19; 0; 0; 0; 0; 15
Denzil Antonio; D,G; 27; 0; 0; 7; 7; 43; 0; 65; 5; 28; 0; 0; 0; 0; 16.3
Joe Pavlek; ; 18; 0; 0; 4; 1; 13; 0; 11; 0; 1; 0; 0; 0; 0; 30.8
Scott Ravert; ; 13; 0; 0; 2; 0; 7; 0; 11; 0; 2; 0; 0; 0; 0; 28.6
Jamie Swanner; GK; 36; 0; 0; 0; 8; 2; 0; 2; 1; 0; 0; 0; 0; 0; 0
Daniel Gonzalez; GK; 8; 0; 0; 0; 2; 0; 0; 0; 1; 0; 0; 0; 0; 0; 


Team: Chicago Power

Batata; F; 37; 0; 0; 33; 41; 270; 0; 65; 10; 25; 0; 0; 0; 0; 12.2
Zoltan Meszaros; F; 23; 0; 0; 24; 8; 74; 0; 20; 4; 5; 0; 0; 0; 0; 32.4
Karl-Heinz Granitza; F; 15; 0; 0; 19; 8; 70; 0; 18; 3; 1; 0; 0; 0; 0; 27.1
Mirko Castillo; F; 26; 0; 0; 17; 9; 89; 0; 26; 1; 1; 0; 0; 0; 0; 19.1
Teddy Krafft; D; 22; 0; 0; 12; 7; 59; 0; 27; 2; 2; 0; 0; 0; 0; 20.3
Ed Puskarich; D; 33; 0; 0; 12; 7; 72; 0; 76; 11; 47; 0; 0; 0; 0; 16.7
Saeed Bakhtiari; D; 37; 0; 0; 12; 11; 70; 0; 49; 5; 73; 0; 0; 0; 0; 17.1
Alex Tarnoczi; F,F/M,M/F,M; 20; 0; 0; 11; 1; 56; 0; 37; 9; 24; 0; 0; 0; 0; 19.6
Mike Richardson; D; 31; 0; 0; 11; 9; 21; 0; 74; 8; 35; 0; 0; 0; 0; 52.4
Manny Rojas; M; 14; 0; 0; 10; 6; 38; 0; 9; 1; 5; 0; 0; 0; 0; 26.3
Costas Skouras; ; 25; 0; 0; 10; 3; 50; 0; 32; 2; 2; 0; 0; 0; 0; 20
David Richardson; ; 34; 0; 0; 8; 4; 47; 0; 58; 6; 15; 0; 0; 0; 0; 17
Oscar Albuquerque; M; 21; 0; 0; 5; 9; 41; 0; 31; 7; 22; 0; 0; 0; 0; 12.2
Fahmi El-Shami; ; 11; 0; 0; 4; 1; 20; 0; 14; 2; 3; 0; 0; 0; 0; 20
John Abe; ; 8; 0; 0; 3; 1; 25; 0; 12; 0; 8; 0; 0; 0; 0; 12
Joe Carver; F; 16; 0; 0; 2; 1; 9; 0; 4; 0; 8; 0; 0; 0; 0; 22.2
Greg Muhr; D; 25; 0; 0; 2; 5; 54; 0; 58; 10; 54; 0; 0; 0; 0; 3.7
Bret Hall; M,D; 34; 0; 0; 2; 10; 54; 0; 71; 5; 41; 0; 0; 0; 0; 3.7
Tom Isirov; ; 4; 0; 0; 1; 1; 11; 0; 12; 1; 1; 0; 0; 0; 0; 9.1
Jay McCutcheon; GK; 29; 0; 0; 0; 2; 3; 0; 3; 1; 0; 0; 0; 0; 0; 0
Mark Simpson; GK; 17; 0; 0; 0; 0; 2; 0; 0; 0; 0; 0; 0; 0; 0; 0


Team: Dayton Dynamo

Victor Quni; F; 40; 0; 0; 32; 22; 190; 0; 151; 10; 25; 0; 0; 2; 0; 16.8
Tony Bono; M,D; 39; 0; 0; 29; 32; 200; 0; 111; 7; 47; 0; 0; 1; 0; 14.5
Mark Francis; ; 40; 0; 0; 29; 11; 132; 0; 83; 8; 23; 0; 0; 8; 0; 22
Fahmi El-Shami; ; 27; 0; 0; 24; 4; 128; 0; 62; 9; 12; 0; 0; 2; 0; 18.8
Scott Cook; ; 37; 0; 0; 18; 14; 122; 0; 88; 11; 30; 0; 0; 1; 0; 14.8
Dennis Brose; ; 32; 0; 0; 13; 9; 138; 0; 48; 4; 43; 0; 0; 2; 0; 9.4
Keenan Mikal; ; 39; 0; 0; 11; 9; 90; 0; 134; 19; 76; 0; 0; 2; 0; 12.2
Ben Pollock; ; 10; 0; 0; 11; 12; 59; 0; 14; 1; 0; 0; 0; 0; 0; 18.6
Greg Ayers; ; 31; 0; 0; 9; 8; 45; 0; 47; 4; 21; 0; 0; 3; 0; 20
Jeff Popp; ; 33; 0; 0; 8; 9; 85; 0; 90; 12; 63; 0; 0; 0; 0; 9.4
Jim Kinderdine; ; 39; 0; 0; 7; 7; 68; 0; 44; 4; 16; 0; 0; 0; 0; 10.3
Bill Galka; ; 36; 0; 0; 6; 9; 56; 0; 38; 6; 15; 0; 0; 0; 0; 10.7
Ed Ruff; ; 14; 0; 0; 2; 0; 4; 0; 6; 1; 2; 0; 0; 0; 0; 50
Tim McClements; ; 7; 0; 0; 1; 0; 4; 0; 8; 4; 4; 0; 0; 0; 0; 25
Carlos Pena; GK; 27; 0; 0; 1; 3; 3; 0; 2; 2; 0; 0; 0; 0; 0; 33.3
John Burgmeier; ; 13; 0; 0; 1; 3; 17; 0; 17; 2; 6; 0; 0; 0; 0; 5.9
Mark Christensen; D; 4; 0; 0; 0; 2; 18; 0; 15; 5; 13; 0; 0; 0; 0; 0
Pat Harrington; GK; 23; 0; 0; 0; 1; 4; 0; 7; 1; 0; 0; 0; 0; 0; 0


Team: Hershey Impact

Drago Dumbovic; F; 22; 0; 0; 28; 16; 189; 0; 26; 4; 6; 0; 0; 0; 0; 14.8
Bob Lilley; ; 40; 0; 0; 20; 16; 104; 0; 76; 9; 84; 0; 0; 0; 0; 19.2
Jeff Kraft; ; 35; 0; 0; 19; 5; 62; 0; 45; 2; 19; 0; 0; 0; 0; 30.6
John Abe; ; 28; 0; 0; 18; 12; 96; 0; 59; 3; 22; 0; 0; 0; 0; 18.8
Sam Mangione; ; 40; 0; 0; 17; 17; 89; 0; 83; 6; 47; 0; 0; 0; 0; 19.1
Roger Chavez; F; 20; 0; 0; 16; 3; 54; 0; 42; 9; 10; 0; 0; 0; 0; 29.6
Larry Julius; ; 40; 0; 0; 16; 13; 163; 0; 78; 6; 106; 0; 0; 0; 0; 9.8
Paul Child; F; 14; 0; 0; 14; 3; 31; 0; 13; 5; 6; 0; 0; 0; 0; 45.2
Bob Harmon; ; 37; 0; 0; 14; 5; 56; 0; 37; 1; 22; 0; 0; 0; 0; 25
Viktor Jakovljevic; ; 32; 0; 0; 11; 8; 86; 0; 63; 7; 25; 0; 0; 0; 0; 12.8
Ben Martin; ; 40; 0; 0; 3; 6; 40; 0; 59; 7; 33; 0; 0; 0; 0; 7.5
David Slade; ; 39; 0; 0; 2; 1; 39; 0; 82; 4; 25; 0; 0; 0; 0; 5.1
Dan O'Donnell; ; 8; 0; 0; 2; 2; 17; 0; 15; 3; 6; 0; 0; 0; 0; 11.8
Chris Webbert; ; 12; 0; 0; 2; 0; 15; 0; 17; 0; 11; 0; 0; 0; 0; 13.3
Rafael Amaya; D; 35; 0; 0; 2; 2; 22; 0; 60; 4; 34; 0; 0; 0; 0; 9.1
Scott Hoober; ; 23; 0; 0; 1; 1; 7; 0; 19; 1; 10; 0; 0; 0; 0; 14.3
Dennis Brose; ; 2; 0; 0; 0; 0; 0; 0; 0; 0; 1; 0; 0; 0; 0; 
Larry Tukis; GK; 28; 0; 0; 0; 2; 0; 0; 9; 2; 0; 0; 0; 0; 0; 
Danny Labovic; GK; 25; 0; 0; 0; 2; 2; 0; 10; 9; 0; 0; 0; 0; 0; 0
Alex Nagy; GK; 1; 0; 0; 0; 0; 0; 0; 0; 0; 0; 0; 0; 0; 0; 


Team: Indiana Kick

Dan O'Keefe; ; 40; 0; 0; 52; 17; 332; 0; 33; 4; 21; 0; 0; 0; 0; 15.7
Mark Moser; F; 27; 0; 0; 37; 11; 163; 0; 96; 12; 12; 0; 0; 0; 0; 22.7
Bob Poursanidis; ; 31; 0; 0; 15; 10; 104; 0; 32; 1; 12; 0; 0; 0; 0; 14.4
Bill Becher; ; 39; 0; 0; 14; 17; 94; 0; 75; 3; 20; 0; 0; 0; 0; 14.9
Joe Sternberg; ; 38; 0; 0; 13; 5; 83; 0; 28; 1; 19; 0; 0; 0; 0; 15.7
Neil Ridgeway; ; 13; 0; 0; 9; 3; 53; 0; 11; 2; 7; 0; 0; 0; 0; 17
Carlos Salguero; F; 11; 0; 0; 7; 4; 47; 0; 11; 1; 2; 0; 0; 0; 0; 14.9
Tim Larkin; M; 40; 0; 0; 7; 12; 74; 0; 44; 4; 50; 0; 0; 0; 0; 9.5
Keith Fulk; F; 19; 0; 0; 6; 11; 68; 0; 34; 3; 16; 0; 0; 0; 0; 8.8
Jon Gardner; ; 38; 0; 0; 6; 10; 51; 0; 44; 3; 37; 0; 0; 0; 0; 11.8
Bronn Pfeiffer; ; 38; 0; 0; 5; 12; 52; 0; 71; 12; 72; 0; 0; 0; 0; 9.6
Drew Dimatos; ; 36; 0; 0; 5; 13; 54; 0; 51; 11; 42; 0; 0; 0; 0; 9.3
Steve Boardman; D; 40; 0; 0; 3; 10; 59; 0; 70; 8; 77; 0; 0; 0; 0; 5.1
Dave Wolf; M; 27; 0; 0; 3; 6; 30; 0; 27; 1; 43; 0; 0; 0; 0; 10
Lyn Venable; GK; 13; 0; 0; 1; 0; 1; 0; 4; 1; 0; 0; 0; 0; 0; 100
Kevin Macfarlane; ; 26; 0; 0; 1; 0; 6; 0; 17; 6; 7; 0; 0; 0; 0; 16.7
Randy Prescott; M; 25; 0; 0; 1; 6; 61; 0; 33; 2; 56; 0; 0; 0; 0; 1.6
Warren Lipka; GK; 25; 0; 0; 0; 1; 5; 0; 3; 3; 0; 0; 0; 0; 0; 0
Jeff Robben; ; 8; 0; 0; 0; 1; 1; 0; 0; 1; 0; 0; 0; 0; 0; 0


Team: Memphis Rogues

Carlos Salguero; F; 29; 0; 0; 29; 16; 120; 0; 43; 4; 7; 0; 0; 0; 0; 24.2
Jay White; ; 37; 0; 0; 16; 7; 85; 0; 83; 12; 22; 0; 0; 0; 0; 18.8
Vincent Beck; D; 39; 0; 0; 14; 5; 107; 0; 64; 11; 91; 0; 0; 0; 0; 13.1
Damien Kelly; F; 32; 0; 0; 12; 6; 66; 0; 113; 22; 21; 0; 0; 0; 0; 18.2
Antonio Carbognani; M; 38; 0; 0; 9; 11; 116; 0; 40; 10; 54; 0; 0; 0; 0; 7.8
Neil Ridgeway; ; 21; 0; 0; 9; 8; 72; 0; 30; 1; 10; 0; 0; 0; 0; 12.5
Oscar Draguicevich; D; 39; 0; 0; 6; 9; 98; 0; 112; 11; 58; 0; 0; 0; 0; 6.1
Ben Pollock; ; 8; 0; 0; 4; 0; 19; 0; 3; 9; 0; 0; 0; 0; 0; 21.1
Don McDonagh; ; 2; 0; 0; 4; 0; 12; 0; 6; 0; 0; 0; 0; 0; 0; 33.3
Peter Ilic; ; 21; 0; 0; 4; 0; 23; 0; 34; 7; 17; 0; 0; 0; 0; 17.4
Steve Potter; ; 18; 0; 0; 4; 1; 25; 0; 29; 2; 8; 0; 0; 0; 0; 16
Mark Christensen; D; 29; 0; 0; 4; 14; 35; 0; 90; 6; 35; 0; 0; 0; 0; 11.4
Paul Carollo; ; 22; 0; 0; 4; 3; 36; 0; 18; 2; 28; 0; 0; 0; 0; 11.1
Mark Moser; F; 11; 0; 0; 3; 2; 21; 0; 35; 1; 3; 0; 0; 0; 0; 14.3
Don Tobin; M,F; 7; 0; 0; 2; 3; 20; 0; 7; 1; 5; 0; 0; 0; 0; 10
Mirko Castillo; F; 7; 0; 0; 2; 2; 17; 0; 7; 2; 2; 0; 0; 0; 0; 11.8
Dave Wolf; M; 9; 0; 0; 2; 1; 7; 0; 8; 2; 3; 0; 0; 0; 0; 28.6
Jorge Montoya; ; 11; 0; 0; 1; 0; 9; 0; 32; 1; 18; 0; 0; 0; 0; 11.1
Glenn Lurie; F; 16; 0; 0; 1; 0; 16; 0; 22; 2; 8; 0; 0; 0; 0; 6.3
Louis Bennett; ; 8; 0; 0; 1; 1; 9; 0; 17; 3; 5; 0; 0; 0; 0; 11.1
Steve Eise; ; 18; 0; 0; 1; 1; 19; 0; 42; 7; 23; 0; 0; 0; 0; 5.3
Ricardo Alonso; F; 4; 0; 0; 1; 4; 20; 0; 5; 1; 0; 0; 0; 0; 0; 5
Manny Sanchez; G; 11; 0; 0; 0; 0; 2; 0; 2; 0; 1; 0; 0; 0; 0; 0
Todd Bramble; GK; 11; 0; 0; 0; 0; 1; 0; 8; 6; 0; 0; 0; 0; 0; 0
Scott Molfenter; GK; 6; 0; 0; 0; 0; 1; 0; 2; 0; 0; 0; 0; 0; 0; 0
Chris Fauser; ; 5; 0; 0; 0; 0; 3; 0; 9; 1; 3; 0; 0; 0; 0; 0
Juan Yepez; ; 12; 0; 0; 0; 3; 12; 0; 18; 1; 11; 0; 0; 0; 0; 0
Jorge Valenzuela; GK; 9; 0; 0; 0; 0; 0; 0; 2; 0; 0; 0; 0; 0; 0; 
David West; GK; 9; 0; 0; 0; 1; 0; 0; 10; 1; 0; 0; 0; 0; 0; 
Frank Arlasky; ; 7; 0; 0; 0; 1; 0; 0; 7; 3; 0; 0; 0; 0; 0; 
Boro Sucevic; D; 2; 0; 0; 0; 0; 4; 0; 6; 2; 3; 0; 0; 0; 0; 0


Team: Milwaukee Wave

George Pastor; M; 39; 0; 0; 51; 29; 260; 0; 90; 20; 9; 1; 0; 0; 0; 19.6
Art Kramer; F; 40; 0; 0; 41; 27; 155; 0; 45; 3; 16; 3; 0; 0; 0; 26.5
Lee Rogers; ; 40; 0; 0; 20; 9; 108; 0; 103; 7; 45; 0; 0; 0; 0; 18.5
Vilmar Marquez; ; 37; 0; 0; 17; 9; 70; 0; 60; 8; 4; 1; 0; 0; 0; 24.3
Dean Kelly; F; 33; 0; 0; 15; 13; 85; 0; 86; 10; 13; 2; 0; 0; 0; 17.6
Jon Szczepanski; ; 37; 0; 0; 15; 6; 61; 0; 33; 0; 15; 0; 0; 0; 0; 24.6
Pete Knezic; F; 35; 0; 0; 8; 10; 83; 0; 43; 0; 26; 0; 0; 0; 0; 9.6
Keith Fulk; F; 18; 0; 0; 7; 1; 49; 0; 36; 1; 20; 0; 0; 0; 0; 14.3
Jimmy Banks; ; 14; 0; 0; 6; 6; 26; 0; 6; 0; 13; 0; 0; 0; 0; 23.1
Tim Tyma; D; 40; 0; 0; 5; 15; 74; 0; 107; 25; 106; 0; 0; 0; 0; 6.8
Moe Suri; ; 33; 0; 0; 5; 7; 64; 0; 60; 4; 31; 0; 0; 0; 0; 7.8
Mark Evans; D; 16; 0; 0; 4; 4; 35; 0; 32; 7; 24; 1; 0; 0; 0; 11.4
Peter Smith; ; 16; 0; 0; 2; 1; 35; 0; 11; 1; 2; 0; 0; 0; 0; 5.7
Glenn Lurie; F; 7; 0; 0; 2; 2; 6; 0; 8; 1; 2; 1; 0; 0; 0; 33.3
David Kasper; ; 11; 0; 0; 1; 3; 14; 0; 25; 1; 3; 0; 0; 0; 0; 7.1
Larry Sunderland; ; 10; 0; 0; 1; 3; 38; 0; 62; 0; 40; 0; 0; 0; 0; 2.6
Tim Alioto; D; 21; 0; 0; 1; 9; 32; 0; 33; 3; 26; 1; 0; 0; 0; 3.1
Derek Bujak; ; 8; 0; 0; 1; 4; 17; 0; 14; 1; 2; 0; 0; 0; 0; 5.9
Mark Berry; GK; 15; 0; 0; 0; 2; 1; 0; 0; 1; 0; 0; 0; 0; 0; 0
Peter Schweinert; ; 36; 0; 0; 0; 1; 23; 0; 28; 1; 20; 0; 0; 0; 0; 0
Tony Pierce; GK; 32; 0; 0; 0; 4; 3; 0; 5; 2; 0; 0; 0; 0; 0; 0
