Competition: Continental Indoor Soccer League
Season: 1993
Key: name; position; games_played; _; _; goals; assists; shots; _, _, pim; blocks; ppg; shg; gwg; otg; s%

Team: Arizona Sandsharks

Wes Wade; F; 27; 0; 0; 39; 25; 140; 0; 22; 16; 34; 0; 0; 0; 0; 27.9
Franklin McIntosh; F; 21; 0; 0; 35; 23; 124; 0; 28; 22; 11; 0; 0; 0; 0; 28.2
Andrew Crawford; ; 28; 0; 0; 29; 26; 123; 0; 20; 4; 30; 6; 0; 2; 0; 23.6
Edward Carmean; ; 25; 0; 0; 16; 6; 57; 0; 27; 2; 29; 0; 0; 1; 0; 28.1
Don Gaillard; ; 18; 0; 0; 12; 7; 63; 0; 8; 2; 15; 0; 0; 0; 0; 19
Ralf Wilhelms; D; 28; 0; 0; 11; 10; 56; 0; 38; 11; 68; 0; 0; 0; 0; 19.6
Paul Lee; F,D; 15; 0; 0; 8; 6; 41; 0; 13; 4; 18; 0; 0; 0; 0; 19.5
Mark Kerlin; F; 17; 0; 0; 8; 13; 56; 0; 17; 4; 13; 0; 0; 1; 0; 14.3
Rick Soderman; ; 13; 0; 0; 7; 5; 20; 0; 9; 0; 10; 0; 0; 0; 0; 35
Paul Kitson; F,M; 20; 0; 0; 7; 9; 40; 0; 20; 10; 9; 0; 0; 0; 0; 17.5
Bill Becher; ; 15; 0; 0; 6; 6; 31; 0; 17; 2; 8; 0; 0; 0; 0; 19.4
Kevin Grub; ; 20; 0; 0; 6; 3; 19; 0; 12; 2; 4; 0; 0; 1; 0; 31.6
Terry Woodberry; M,F; 6; 0; 0; 4; 4; 27; 0; 8; 0; 15; 0; 0; 1; 0; 14.8
Russell Fowler; ; 8; 0; 0; 4; 1; 13; 0; 12; 2; 4; 0; 0; 0; 0; 30.8
Robert Bryant; ; 20; 0; 0; 3; 2; 15; 0; 32; 12; 25; 0; 0; 0; 0; 20
Louie Smotherman; ; 12; 0; 0; 2; 0; 31; 0; 6; 2; 2; 0; 0; 0; 0; 6.5
Greg Veatch; M,G; 9; 0; 0; 2; 1; 14; 0; 3; 2; 0; 0; 0; 0; 0; 14.3
Mate Kozul; ; 21; 0; 0; 2; 4; 24; 0; 31; 10; 18; 0; 0; 0; 0; 8.3
Wayne Seaber; GK; 8; 0; 0; 0; 0; 3; 0; 0; 4; 0; 0; 0; 0; 0; 0
Rob Karas; ; 5; 0; 0; 0; 1; 4; 0; 6; 2; 2; 0; 0; 0; 0; 0
Warren Westcoat; GK; 21; 0; 0; 0; 8; 4; 0; 6; 4; 1; 0; 0; 0; 0; 0
Leroy DeLeon; F,D,F/M; 1; 0; 0; 0; 0; 0; 0; 0; 0; 0; 0; 0; 0; 0; 


Team: Dallas Sidekicks

Tatu; F,D; 26; 0; 0; 59; 58; 238; 0; 30; 10; 11; 2; 0; 4; 0; 24.8
David Doyle; M; 28; 0; 0; 52; 41; 231; 0; 40; 12; 30; 6; 0; 6; 0; 22.5
Nick Stavrou; M; 26; 0; 0; 22; 20; 84; 0; 39; 4; 35; 2; 0; 2; 0; 26.2
Dave Reichart; ; 27; 0; 0; 18; 12; 77; 0; 18; 10; 18; 0; 0; 2; 0; 23.4
Roderick Scott; F; 22; 0; 0; 18; 14; 65; 0; 23; 5; 22; 5; 0; 2; 0; 27.7
Eric Dade; D; 28; 0; 0; 16; 8; 71; 0; 61; 8; 25; 5; 0; 1; 0; 22.5
Mike Powers; M,D; 28; 0; 0; 11; 12; 47; 0; 74; 8; 59; 0; 0; 0; 0; 23.4
Beto; M; 14; 0; 0; 7; 8; 26; 0; 16; 0; 21; 1; 0; 1; 0; 26.9
John Hedlund; D,F; 26; 0; 0; 5; 9; 41; 0; 57; 2; 36; 0; 0; 1; 1; 12.2
Dev Reeves; D; 26; 0; 0; 5; 7; 32; 0; 32; 6; 26; 0; 0; 0; 0; 15.6
Giampaulo Pedroso; ; 19; 0; 0; 5; 3; 27; 0; 26; 0; 4; 1; 0; 1; 0; 18.5
Colin Rocke; ; 13; 0; 0; 5; 2; 15; 0; 21; 2; 6; 2; 0; 1; 0; 33.3
David Pfeil; M; 4; 0; 0; 3; 1; 4; 0; 2; 2; 2; 0; 0; 1; 0; 75
Scott Lawler; ; 14; 0; 0; 2; 3; 5; 0; 6; 0; 4; 1; 0; 0; 0; 40
Bench; ; 0; 0; 0; 1; 0; 0; 0; 0; 4; 0; 0; 0; 1; 1; 
Gary Young; ; 28; 0; 0; 1; 1; 23; 0; 26; 6; 20; 0; 0; 0; 0; 4.3
Shawn Ray; GK; 4; 0; 0; 0; 0; 0; 0; 0; 0; 0; 0; 0; 0; 0; 
John Stark; ; 4; 0; 0; 0; 0; 0; 0; 0; 2; 0; 0; 0; 0; 0; 
Joe Papaleo; GK; 24; 0; 0; 0; 1; 0; 0; 1; 6; 0; 0; 0; 0; 0; 
Corey Hooper; ; 1; 0; 0; 0; 0; 0; 0; 0; 0; 0; 0; 0; 0; 0; 


Team: Los Angeles United

Raffaele Ruotolo; M; 19; 0; 0; 24; 9; 106; 0; 33; 18; 8; 0; 0; 0; 0; 22.6
Rod Castro; M,D; 17; 0; 0; 22; 12; 70; 0; 25; 11; 5; 0; 0; 0; 0; 31.4
Doug Neeley; D; 27; 0; 0; 16; 14; 79; 0; 30; 19; 40; 0; 0; 0; 0; 20.3
Sam George; M; 28; 0; 0; 15; 16; 72; 0; 32; 2; 13; 0; 0; 0; 0; 20.8
Jim Gabarra; F; 28; 0; 0; 14; 20; 139; 0; 16; 16; 28; 0; 0; 0; 0; 10.1
Paul Ratcliffe; ; 26; 0; 0; 13; 8; 49; 0; 24; 4; 9; 0; 0; 0; 0; 26.5
Gary Heale; F; 12; 0; 0; 12; 10; 49; 0; 12; 4; 1; 0; 0; 0; 0; 24.5
Bobby Reyes; ; 12; 0; 0; 8; 1; 28; 0; 8; 0; 5; 0; 0; 0; 0; 28.6
Shane Hickson; ; 25; 0; 0; 7; 4; 36; 0; 32; 14; 16; 0; 0; 0; 0; 19.4
Steve Boardman; D; 28; 0; 0; 6; 8; 42; 0; 41; 6; 45; 0; 0; 0; 0; 14.3
Nathan Sacks; D,M,F; 12; 0; 0; 4; 3; 32; 0; 12; 4; 11; 0; 0; 0; 0; 12.5
Glenn Ervine; ; 18; 0; 0; 3; 7; 32; 0; 44; 6; 8; 0; 0; 0; 0; 9.4
Doug Swanson; ; 24; 0; 0; 3; 8; 35; 0; 6; 0; 24; 0; 0; 0; 0; 8.6
Mark Evans; D; 20; 0; 0; 3; 2; 23; 0; 35; 2; 25; 0; 0; 0; 0; 13
Dan Beany; ; 20; 0; 0; 1; 0; 12; 0; 12; 2; 12; 0; 0; 0; 0; 8.3
Andrew Shue; F; 1; 0; 0; 0; 0; 2; 0; 1; 0; 0; 0; 0; 0; 0; 0
Kris Peat; GK; 19; 0; 0; 0; 0; 9; 0; 2; 9; 0; 0; 0; 0; 0; 0
David Vanole; GK; 8; 0; 0; 0; 2; 0; 0; 1; 2; 0; 0; 0; 0; 0; 
Steve Sharp; F; 5; 0; 0; 0; 5; 8; 0; 6; 0; 3; 0; 0; 0; 0; 0
Tim Harris; GK; 1; 0; 0; 0; 0; 0; 0; 0; 0; 0; 0; 0; 0; 0; 


Team: Monterrey La Raza


Zizinho; F; 28; 0; 0; 49; 32; 206; 0; 43; 6; 6; 0; 0; 0; 0; 23.8
Marco Lopez; F; 28; 0; 0; 44; 21; 135; 0; 42; 8; 17; 0; 0; 0; 0; 32.6
Kevin Smith; M; 28; 0; 0; 21; 59; 117; 0; 19; 18; 20; 0; 0; 0; 0; 17.9
Ramon Villazevalls; ; 15; 0; 0; 16; 9; 62; 0; 17; 2; 2; 0; 0; 0; 0; 25.8
Octavio Perez; M; 24; 0; 0; 15; 11; 101; 0; 59; 12; 15; 0; 0; 0; 0; 14.9
Martin Hernandez; ; 23; 0; 0; 14; 9; 63; 0; 43; 10; 15; 0; 0; 0; 0; 22.2
Moises Garduno; ; 10; 0; 0; 13; 2; 32; 0; 17; 2; 0; 0; 0; 0; 0; 40.6
Andres Carranza; ; 17; 0; 0; 10; 3; 26; 0; 17; 2; 18; 0; 0; 0; 0; 38.5
Daniel Mora; ; 25; 0; 0; 10; 12; 42; 0; 52; 16; 33; 0; 0; 0; 0; 23.8
Scott Gaither; F; 27; 0; 0; 9; 8; 55; 0; 54; 8; 39; 0; 0; 0; 0; 16.4
German Benitez; ; 17; 0; 0; 9; 7; 43; 0; 22; 8; 2; 0; 0; 0; 0; 20.9
Jose Luis Hernandez; ; 19; 0; 0; 9; 4; 30; 0; 28; 4; 6; 0; 0; 0; 0; 30
Harry Saavedra; ; 7; 0; 0; 5; 3; 19; 0; 6; 2; 2; 0; 0; 0; 0; 26.3
Jaime Cantu; ; 19; 0; 0; 5; 0; 27; 0; 19; 0; 27; 0; 0; 0; 0; 18.5
Guillermo Munoz; ; 11; 0; 0; 3; 9; 21; 0; 20; 2; 13; 0; 0; 0; 0; 14.3
Hector Beccera; ; 10; 0; 0; 2; 3; 32; 0; 15; 4; 8; 0; 0; 0; 0; 6.3
Adrian Incapie; ; 17; 0; 0; 2; 2; 20; 0; 40; 6; 30; 0; 0; 0; 0; 10
Gardlund Batista; ; 1; 0; 0; 0; 0; 2; 0; 0; 0; 0; 0; 0; 0; 0; 0
Andres Molina; ; 2; 0; 0; 0; 1; 1; 0; 1; 0; 0; 0; 0; 0; 0; 0
Curtis McAlister; GK; 26; 0; 0; 0; 1; 5; 0; 5; 4; 2; 0; 0; 0; 0; 0
Jorge Maldanado; GK; 2; 0; 0; 0; 0; 0; 0; 0; 0; 0; 0; 0; 0; 0; 

Team: Portland Pride

Rob Baarts; ; 28; 0; 0; 33; 13; 125; 0; 13; 2; 26; 0; 0; 0; 0; 26.4
Dick McCormick; M; 28; 0; 0; 27; 35; 105; 0; 51; 8; 28; 0; 0; 0; 0; 25.7
Jeff Betts; ; 21; 0; 0; 21; 15; 95; 0; 23; 12; 9; 0; 0; 0; 0; 22.1
John Bain; M,F; 26; 0; 0; 17; 22; 61; 0; 21; 0; 19; 0; 0; 0; 0; 27.9
Chris Scotti; ; 28; 0; 0; 15; 9; 54; 0; 36; 10; 10; 0; 0; 0; 0; 27.8
Glenn Lurie; F; 27; 0; 0; 12; 4; 61; 0; 40; 12; 16; 0; 0; 0; 0; 19.7
Neil Megson; D,M; 26; 0; 0; 12; 4; 64; 0; 43; 4; 60; 0; 0; 0; 0; 18.8
Ralph Black; D,M,F; 14; 0; 0; 10; 14; 48; 0; 17; 6; 26; 0; 0; 0; 0; 20.8
Bill Crook; D; 17; 0; 0; 8; 8; 52; 0; 23; 4; 32; 0; 0; 0; 0; 15.4
Oth Ngonethong; ; 22; 0; 0; 8; 6; 53; 0; 19; 4; 21; 0; 0; 0; 0; 15.1
Jason Boykoff; ; 16; 0; 0; 7; 6; 14; 0; 6; 0; 5; 0; 0; 0; 0; 50
Abraham Rubio; ; 16; 0; 0; 7; 5; 50; 0; 20; 0; 6; 0; 0; 0; 0; 14
Garrett Smith; D; 25; 0; 0; 5; 7; 39; 0; 27; 4; 55; 0; 0; 0; 0; 12.8
Quinn Ross; ; 17; 0; 0; 4; 6; 14; 0; 5; 4; 8; 0; 0; 0; 0; 28.6
Steve Piercy; ; 11; 0; 0; 4; 4; 21; 0; 11; 4; 9; 0; 0; 0; 0; 19
Greg Ion; M; 4; 0; 0; 1; 3; 5; 0; 1; 0; 5; 0; 0; 0; 0; 20
Bench; ; 0; 0; 0; 1; 0; 0; 0; 0; 6; 0; 0; 0; 0; 0; 
Chilo; ; 2; 0; 0; 0; 0; 1; 0; 0; 0; 0; 0; 0; 0; 0; 0
Roger Gantz; ; 7; 0; 0; 0; 1; 8; 0; 18; 4; 21; 0; 0; 0; 0; 0
Jim Gorsek; GK; 23; 0; 0; 0; 2; 3; 0; 1; 2; 0; 0; 0; 0; 0; 0
Jim Brazeau; GK; 5; 0; 0; 0; 0; 0; 0; 0; 2; 0; 0; 0; 0; 0; 

Team: Sacramento Knights

Mark Thomas; ; 27; 0; 0; 42; 18; 103; 0; 59; 8; 21; 0; 0; 1; 1; 40.8
Jon Parry; ; 20; 0; 0; 22; 18; 118; 0; 28; 18; 9; 0; 0; 2; 1; 18.6
Gerell Elliott; F; 26; 0; 0; 22; 18; 100; 0; 16; 6; 9; 0; 0; 2; 1; 22
Shawn Blakeman; ; 27; 0; 0; 17; 10; 82; 0; 67; 34; 33; 0; 0; 2; 1; 20.7
Sean Bowers; D; 28; 0; 0; 13; 27; 113; 0; 53; 8; 71; 0; 0; 2; 1; 11.5
Craig Huft; ; 28; 0; 0; 13; 13; 61; 0; 47; 4; 20; 0; 0; 0; 0; 21.3
Ricky Villa; ; 13; 0; 0; 12; 4; 32; 0; 10; 4; 8; 0; 0; 0; 0; 37.5
Steve Petuskey; ; 16; 0; 0; 12; 9; 49; 0; 15; 4; 6; 0; 0; 0; 0; 24.5
Jeff Alcala; ; 28; 0; 0; 11; 10; 62; 0; 27; 6; 16; 0; 0; 1; 0; 17.7
Alejandro Cano; ; 15; 0; 0; 8; 2; 24; 0; 9; 0; 4; 0; 0; 0; 0; 33.3
Paul Hansen; ; 13; 0; 0; 6; 6; 44; 0; 74; 8; 25; 0; 0; 1; 1; 13.6
Luis Mario Orellana; F; 10; 0; 0; 6; 0; 18; 0; 13; 2; 2; 0; 0; 0; 0; 33.3
Larry Julius; ; 11; 0; 0; 6; 3; 37; 0; 12; 4; 15; 0; 0; 1; 0; 16.2
George Fernandez; D,M; 11; 0; 0; 2; 6; 17; 0; 16; 2; 18; 0; 0; 0; 0; 11.8
Diego Orellana; ; 2; 0; 0; 2; 0; 2; 0; 3; 0; 0; 0; 0; 0; 0; 100
Vasco Rubio; ; 12; 0; 0; 1; 7; 24; 0; 4; 2; 1; 0; 0; 0; 0; 4.2
Mike Dowler; GK; 13; 0; 0; 0; 2; 0; 0; 0; 0; 0; 0; 0; 0; 0; 
Aram Kardzair; GK; 15; 0; 0; 0; 2; 0; 0; 5; 4; 0; 0; 0; 0; 0; 
Peter Pelle; ; 11; 0; 0; 0; 3; 5; 0; 6; 4; 8; 0; 0; 0; 0; 0
Rick Iversen; ; 4; 0; 0; 0; 0; 6; 0; 2; 0; 6; 0; 0; 0; 0; 0
Matthew Nolen; ; 18; 0; 0; 0; 2; 9; 0; 7; 4; 8; 0; 0; 0; 0; 0


Team: San Diego Sockers

Kevin Koetters; M; 28; 0; 0; 33; 17; 117; 0; 40; 2; 30; 2; 0; 4; 0; 28.2
Thompson Usiyan; M,F; 22; 0; 0; 29; 28; 117; 0; 27; 24; 3; 2; 0; 2; 1; 24.8
Keder; F,M/F; 19; 0; 0; 19; 16; 89; 0; 30; 6; 5; 2; 0; 2; 0; 21.3
Waad Hirmez; D,F,M; 24; 0; 0; 19; 15; 94; 0; 38; 28; 23; 7; 0; 1; 0; 20.2
Brian Negrete; ; 28; 0; 0; 17; 9; 74; 0; 39; 4; 34; 2; 0; 0; 0; 23
Rene Ortiz; D; 25; 0; 0; 15; 14; 90; 0; 43; 6; 25; 1; 0; 0; 0; 16.7
Dan Kelly; M; 23; 0; 0; 14; 9; 81; 0; 31; 20; 5; 1; 0; 3; 0; 17.3
Bob Harmon; ; 23; 0; 0; 13; 13; 54; 0; 25; 9; 12; 0; 0; 3; 0; 24.1
Jacques Ladoceur; M; 23; 0; 0; 12; 8; 54; 0; 32; 2; 19; 0; 0; 3; 0; 22.2
Chugger Adair; ; 6; 0; 0; 10; 8; 20; 0; 5; 0; 0; 0; 0; 1; 0; 50
Tom Crane; ; 24; 0; 0; 9; 5; 33; 0; 26; 8; 33; 0; 0; 0; 0; 27.3
Asghar Namdar; M,F; 17; 0; 0; 7; 7; 51; 0; 31; 12; 13; 0; 0; 0; 0; 13.7
David Banks; D; 18; 0; 0; 5; 9; 32; 0; 19; 10; 28; 0; 0; 0; 0; 15.6
Joe Giacalone; ; 6; 0; 0; 3; 0; 7; 0; 2; 0; 1; 0; 0; 0; 0; 42.9
Paul Gelvezon; ; 21; 0; 0; 2; 3; 17; 0; 13; 2; 12; 0; 0; 1; 0; 11.8
Carlos Basso; ; 4; 0; 0; 1; 2; 4; 0; 2; 2; 1; 0; 0; 0; 0; 25
Gus Castaneda; ; 4; 0; 0; 0; 0; 8; 0; 3; 0; 1; 0; 0; 0; 0; 0
Willy Morcillo; D,F; 2; 0; 0; 0; 1; 0; 0; 0; 0; 0; 0; 0; 0; 0; 
Shahin Safarian; ; 19; 0; 0; 0; 3; 10; 0; 16; 4; 19; 0; 0; 0; 0; 0
Dan Dalzochio; GK; 1; 0; 0; 0; 0; 1; 0; 1; 0; 0; 0; 0; 0; 0; 0
Bryan Finnerty; GK; 27; 0; 0; 0; 3; 0; 0; 2; 4; 0; 0; 0; 0; 0; 



Season: 1994

Team: Anaheim Splash

Dale Ervine; D,M/F,F; 27; 0; 0; 39; 37; 240; 0; 26; 16; 7; 3; 1; 2; 0; 16.3
Doug Neeley; D; 28; 0; 0; 30; 12; 67; 0; 19; 8; 42; 12; 1; 3; 0; 44.8
Rod Castro; M,D; 26; 0; 0; 30; 20; 133; 0; 35; 14; 16; 7; 0; 0; 0; 22.6
Armando Valdivia; M; 21; 0; 0; 18; 12; 57; 0; 24; 6; 5; 0; 1; 2; 0; 31.6
Paul Ratcliffe; ; 27; 0; 0; 14; 10; 54; 0; 16; 0; 20; 0; 1; 4; 0; 25.9
Paul Mcdonnell; ; 27; 0; 0; 14; 13; 49; 0; 25; 12; 29; 1; 0; 2; 0; 28.6
Ralph Black; D,M,F; 26; 0; 0; 13; 22; 76; 0; 29; 16; 36; 5; 0; 1; 0; 17.1
Denis Hamlett; D; 25; 0; 0; 12; 9; 48; 0; 56; 34; 32; 0; 0; 1; 0; 25
Mike Laposha; ; 14; 0; 0; 5; 2; 19; 0; 12; 2; 10; 0; 0; 1; 0; 26.3
Sam George; M; 6; 0; 0; 4; 5; 16; 0; 11; 2; 7; 0; 0; 0; 0; 25
Shane Hickson; ; 26; 0; 0; 3; 4; 21; 0; 19; 2; 8; 1; 0; 1; 0; 14.3
Bobby Reyes; ; 11; 0; 0; 3; 3; 7; 0; 10; 2; 0; 0; 0; 0; 0; 42.9
Juan Carlos Sanchez; ; 12; 0; 0; 3; 0; 17; 0; 10; 0; 1; 1; 0; 0; 0; 17.6
Bobby Bruch; F/M; 2; 0; 0; 2; 2; 5; 0; 0; 0; 1; 0; 0; 1; 0; 40
Jaime Francisco; ; 13; 0; 0; 2; 2; 7; 0; 13; 4; 4; 0; 0; 0; 0; 28.6
Steve McKenzie; ; 7; 0; 0; 2; 4; 6; 0; 10; 2; 2; 0; 0; 0; 0; 33.3
Bench; ; 0; 0; 0; 1; 0; 0; 0; 0; 12; 0; 0; 0; 1; 0; 
Glenn Ervine; ; 7; 0; 0; 1; 2; 3; 0; 6; 0; 3; 0; 0; 0; 0; 33.3
Darren Martinez; ; 1; 0; 0; 0; 0; 0; 0; 3; 0; 0; 0; 0; 0; 0; 
Ruben Fernandez; GK; 5; 0; 0; 0; 0; 0; 0; 1; 4; 0; 0; 0; 0; 0; 
Andrew Shue; F; 2; 0; 0; 0; 0; 3; 0; 2; 2; 2; 0; 0; 0; 0; 0
Jorge Valenzuela; GK; 23; 0; 0; 0; 2; 2; 0; 4; 6; 0; 0; 0; 0; 0; 0
Rolando Uribe; ; 1; 0; 0; 0; 0; 0; 0; 0; 0; 0; 0; 0; 0; 0; 



Team: Arizona Sandsharks

Bill Becher; ; 27; 0; 0; 34; 13; 97; 0; 53; 12; 22; 7; 0; 0; 0; 35.1
Paul Agyeman; ; 28; 0; 0; 32; 21; 96; 0; 43; 10; 23; 4; 1; 1; 0; 33.3
Terry Woodberry; M,F; 26; 0; 0; 31; 28; 153; 0; 41; 15; 25; 6; 0; 4; 1; 20.3
Franklin McIntosh; F; 20; 0; 0; 28; 31; 153; 0; 50; 39; 7; 4; 1; 1; 0; 18.3
Rick Soderman; ; 28; 0; 0; 17; 9; 43; 0; 23; 0; 9; 6; 0; 4; 0; 39.5
Lee Tschantret; F; 19; 0; 0; 16; 16; 86; 0; 51; 51; 7; 4; 0; 0; 0; 18.6
Paul Lee; F,D; 22; 0; 0; 13; 9; 51; 0; 13; 4; 38; 1; 1; 1; 0; 25.5
Goran Kulojevic; ; 25; 0; 0; 7; 5; 41; 0; 25; 8; 5; 0; 0; 0; 0; 17.1
Edward Carmean; ; 27; 0; 0; 6; 12; 54; 0; 33; 10; 31; 0; 0; 0; 0; 11.1
Jason Vanacour; ; 28; 0; 0; 4; 5; 49; 0; 47; 8; 60; 0; 1; 0; 0; 8.2
Greg Veatch; M,G; 21; 0; 0; 4; 4; 18; 0; 18; 4; 20; 0; 0; 0; 0; 22.2
Aaron Muth; ; 22; 0; 0; 3; 4; 13; 0; 21; 2; 4; 0; 0; 0; 0; 23.1
Jeff Hulseweh; ; 14; 0; 0; 2; 0; 9; 0; 11; 4; 3; 0; 0; 0; 0; 22.2
Kobie Washington; ; 4; 0; 0; 1; 1; 2; 0; 3; 0; 1; 0; 0; 0; 0; 50
Emil Dragicevic; M,D; 4; 0; 0; 1; 1; 4; 0; 8; 2; 4; 0; 0; 0; 0; 25
Albert Oni; ; 7; 0; 0; 1; 2; 4; 0; 10; 2; 0; 0; 0; 0; 0; 25
Lyn Venable; GK; 2; 0; 0; 0; 0; 0; 0; 1; 4; 0; 0; 0; 0; 0; 
Rob Karas; ; 1; 0; 0; 0; 0; 0; 0; 1; 0; 0; 0; 0; 0; 0; 
Vince Gammarano; ; 3; 0; 0; 0; 0; 0; 0; 4; 0; 2; 0; 0; 0; 0; 
Nat Gonzalez; GK; 21; 0; 0; 0; 2; 1; 0; 7; 8; 0; 0; 0; 0; 0; 0
Mate Kozul; ; 1; 0; 0; 0; 0; 0; 0; 1; 4; 0; 0; 0; 0; 0; 
Robert Bryant; ; 9; 0; 0; 0; 1; 4; 0; 11; 2; 5; 0; 0; 0; 0; 0
Wayne Seaber; GK; 6; 0; 0; 0; 0; 0; 0; 1; 2; 0; 0; 0; 0; 0; 


Team: Carolina Vipers

John Garvey; F; 16; 0; 0; 23; 6; 107; 0; 8; 4; 3; 0; 0; 0; 0; 21.5
Brad Agoos; ; 26; 0; 0; 19; 8; 73; 0; 15; 2; 10; 4; 0; 1; 0; 26
Erwin Asselman; ; 28; 0; 0; 13; 15; 85; 0; 42; 14; 7; 1; 0; 2; 0; 15.3
Willie Files; ; 24; 0; 0; 11; 7; 58; 0; 26; 6; 11; 2; 0; 0; 0; 19
Gerard Gregoire; ; 20; 0; 0; 11; 15; 78; 0; 35; 16; 14; 1; 0; 0; 0; 14.1
Bobby Dinunzio; ; 20; 0; 0; 8; 16; 52; 0; 32; 12; 29; 3; 0; 0; 0; 15.4
John Ngando; ; 21; 0; 0; 8; 1; 26; 0; 12; 4; 16; 0; 0; 0; 0; 30.8
Mark Lugris; M; 24; 0; 0; 7; 9; 51; 0; 23; 6; 31; 1; 0; 0; 0; 13.7
Kurt Lehnert; ; 19; 0; 0; 5; 2; 20; 0; 22; 4; 6; 0; 0; 0; 0; 25
Jimmy McGeough; D,M; 15; 0; 0; 4; 9; 44; 0; 30; 17; 42; 3; 0; 0; 0; 9.1
Chris Dunlap; ; 25; 0; 0; 3; 3; 47; 0; 20; 4; 35; 0; 0; 0; 0; 6.4
Troy Edwards; D; 19; 0; 0; 3; 2; 30; 0; 20; 16; 40; 0; 0; 0; 0; 10
Tom Misuraca; ; 13; 0; 0; 3; 2; 31; 0; 26; 22; 12; 0; 0; 0; 0; 9.7
Brad Collins; ; 10; 0; 0; 3; 1; 20; 0; 7; 4; 1; 0; 0; 0; 0; 15
Kevin Macfarlane; ; 21; 0; 0; 2; 0; 13; 0; 22; 0; 25; 0; 0; 0; 0; 15.4
Lenin Steenkamp; F; 3; 0; 0; 1; 0; 6; 0; 7; 0; 1; 0; 0; 0; 0; 16.7
Mat Santoro; ; 13; 0; 0; 1; 1; 14; 0; 12; 2; 8; 0; 0; 0; 0; 7.1
Jimmy Fisher; ; 18; 0; 0; 1; 3; 14; 0; 28; 12; 2; 0; 0; 0; 0; 7.1
Yaro Dachniwsky; GK; 15; 0; 0; 0; 0; 0; 0; 0; 0; 0; 0; 0; 0; 0; 
Jesse Roberts; GK; 14; 0; 0; 0; 1; 0; 0; 4; 4; 0; 0; 0; 0; 0; 
Bench; ; 6; 0; 0; 0; 0; 0; 0; 0; 14; 0; 0; 0; 0; 0; 



Team: Dallas Sidekicks

Tatu; F,D; 25; 0; 0; 60; 67; 233; 0; 32; 16; 13; 14; 1; 6; 0; 25.8
David Doyle; M; 28; 0; 0; 50; 53; 233; 0; 53; 18; 41; 4; 0; 7; 0; 21.5
Giampaulo Pedroso; ; 27; 0; 0; 31; 16; 94; 0; 50; 10; 10; 10; 0; 2; 0; 33
Nick Stavrou; M; 26; 0; 0; 31; 23; 109; 0; 31; 8; 51; 2; 0; 2; 0; 28.4
Eric Dade; D; 28; 0; 0; 22; 15; 77; 0; 63; 6; 40; 5; 0; 1; 1; 28.6
Dave Reichart; ; 17; 0; 0; 13; 6; 46; 0; 19; 4; 15; 0; 0; 2; 0; 28.3
Curtis Partain; ; 26; 0; 0; 13; 7; 45; 0; 41; 4; 19; 0; 0; 1; 0; 28.9
Alan Prampin; F; 8; 0; 0; 7; 6; 32; 0; 6; 0; 7; 0; 0; 1; 0; 21.9
Mike Powers; M,D; 19; 0; 0; 7; 2; 26; 0; 56; 10; 40; 1; 0; 1; 0; 26.9
John Hedlund; D,F; 25; 0; 0; 6; 4; 33; 0; 56; 10; 48; 0; 0; 1; 0; 18.2
David Pfeil; M; 8; 0; 0; 4; 1; 4; 0; 12; 2; 5; 0; 0; 0; 0; 100
Dev Reeves; D; 18; 0; 0; 4; 3; 21; 0; 33; 10; 32; 0; 0; 0; 0; 19
Gary Young; ; 6; 0; 0; 3; 0; 7; 0; 9; 8; 13; 0; 0; 0; 0; 42.9
Gean Paul Figari; ; 6; 0; 0; 1; 2; 3; 0; 10; 2; 3; 0; 0; 0; 0; 33.3
Nick Efthimiou; ; 7; 0; 0; 1; 0; 4; 0; 10; 2; 2; 0; 0; 0; 0; 25
Anthony Sherwood; ; 5; 0; 0; 1; 0; 3; 0; 4; 0; 0; 0; 0; 0; 0; 33.3
Moses Zialu; ; 13; 0; 0; 1; 0; 9; 0; 8; 0; 11; 0; 0; 0; 0; 11.1
John Stark; ; 8; 0; 0; 0; 0; 2; 0; 3; 0; 4; 0; 0; 0; 0; 0
Bench; ; 3; 0; 0; 0; 0; 0; 0; 0; 8; 0; 0; 0; 0; 0; 
Brian Hooten; ; 2; 0; 0; 0; 0; 0; 0; 1; 0; 3; 0; 0; 0; 0; 
Joe Papaleo; GK; 18; 0; 0; 0; 2; 0; 0; 2; 0; 0; 0; 0; 0; 0; 
Chris Hayden; ; 7; 0; 0; 0; 3; 12; 0; 3; 0; 1; 0; 0; 0; 0; 0
Hank Henry; GK; 10; 0; 0; 0; 4; 1; 0; 2; 6; 0; 0; 0; 0; 0; 0
Chris Ring; ; 1; 0; 0; 0; 0; 0; 0; 1; 0; 0; 0; 0; 0; 0; 
Ray Ferri; ; 17; 0; 0; 0; 2; 19; 0; 23; 6; 7; 0; 0; 0; 0; 0
Chris Price; ; 8; 0; 0; 0; 2; 3; 0; 3; 0; 5; 0; 0; 0; 0; 0


Team: Detroit Neon

Drago Dumbovic; F; 27; 0; 0; 53; 60; 211; 0; 33; 23; 9; 0; 0; 5; 0; 25.1
Steve Kinsey; F; 28; 0; 0; 39; 29; 173; 0; 28; 12; 20; 6; 1; 2; 0; 22.5
Bob Harmon; ; 25; 0; 0; 19; 11; 79; 0; 28; 20; 28; 1; 0; 1; 0; 24.1
Oscar Draguicevich; D; 27; 0; 0; 17; 6; 114; 0; 62; 30; 102; 3; 1; 0; 0; 14.9
Joey Murtagh; ; 28; 0; 0; 13; 13; 45; 0; 46; 8; 14; 0; 0; 0; 0; 28.9
Paul Kitson; F,M; 27; 0; 0; 12; 7; 67; 0; 51; 23; 26; 3; 0; 0; 0; 17.9
Terry Rowe; D; 24; 0; 0; 9; 15; 31; 0; 79; 23; 25; 2; 0; 1; 0; 29
Derek Berry; ; 9; 0; 0; 3; 2; 6; 0; 7; 4; 0; 0; 0; 0; 0; 50
Kevin Legg; ; 13; 0; 0; 3; 5; 35; 0; 19; 4; 5; 1; 0; 0; 0; 8.6
Brian Theil; ; 18; 0; 0; 2; 2; 10; 0; 21; 8; 5; 0; 0; 1; 0; 20
Scott Weiger; ; 13; 0; 0; 2; 4; 13; 0; 19; 2; 4; 0; 0; 0; 0; 15.4
Steve McCaul; ; 25; 0; 0; 2; 1; 11; 0; 21; 6; 34; 0; 0; 0; 0; 18.2
Curtis McAlister; GK; 24; 0; 0; 1; 4; 5; 0; 1; 10; 0; 0; 0; 0; 0; 20
Bench; ; 7; 0; 0; 1; 0; 0; 0; 0; 12; 0; 0; 0; 1; 0; 
Chris McInally; ; 6; 0; 0; 1; 0; 4; 0; 5; 0; 5; 0; 0; 0; 0; 25
Heath Danford; ; 6; 0; 0; 1; 0; 1; 0; 5; 2; 2; 0; 0; 0; 0; 100
Justin Dunckel; ; 26; 0; 0; 1; 0; 16; 0; 20; 8; 17; 0; 0; 0; 0; 6.3
Dan Dalzochio; GK; 2; 0; 0; 0; 0; 0; 0; 3; 2; 0; 0; 0; 0; 0; 
Laith Haisha; GK; 2; 0; 0; 0; 0; 0; 0; 0; 0; 0; 0; 0; 0; 0; 
Tim Richey; ; 2; 0; 0; 0; 0; 1; 0; 1; 0; 0; 0; 0; 0; 0; 0
Josh Pittman; ; 17; 0; 0; 0; 2; 5; 0; 12; 0; 7; 0; 0; 0; 0; 0
Roman Kuropas; ; 1; 0; 0; 0; 0; 0; 0; 0; 0; 2; 0; 0; 0; 0; 
Derek Williford; ; 13; 0; 0; 0; 2; 2; 0; 8; 2; 13; 0; 0; 0; 0; 0
Michael Rahn; ; 4; 0; 0; 0; 0; 1; 0; 5; 2; 2; 0; 0; 0; 0; 0


Team: Houston Hotshots

Nebo Bandovic; F; 28; 0; 0; 43; 29; 168; 0; 46; 0; 6; 8; 0; 2; 0; 25.6
Mirko Castillo; F; 27; 0; 0; 34; 24; 130; 0; 40; 6; 6; 8; 0; 0; 0; 26.2
Willie Molano; M,F; 17; 0; 0; 10; 8; 50; 0; 23; 12; 25; 1; 0; 1; 0; 20
Ziad Allan; ; 15; 0; 0; 10; 7; 31; 0; 14; 2; 1; 1; 0; 0; 0; 32.3
Beto; M; 28; 0; 0; 10; 18; 72; 0; 27; 10; 21; 5; 1; 0; 0; 13.9
Mark McKay; ; 28; 0; 0; 9; 9; 49; 0; 56; 20; 15; 0; 0; 1; 0; 18.4
Olivier Finidori; ; 19; 0; 0; 7; 5; 33; 0; 19; 6; 12; 1; 0; 0; 0; 21.2
Arash Noamouz; D; 24; 0; 0; 6; 4; 44; 0; 28; 4; 24; 0; 0; 0; 0; 13.6
Dat Ly; ; 10; 0; 0; 4; 1; 11; 0; 7; 2; 4; 0; 0; 0; 0; 36.4
Jeremy Key; ; 28; 0; 0; 3; 2; 21; 0; 27; 6; 9; 0; 1; 0; 0; 14.3
Chico Moreira; D; 28; 0; 0; 3; 7; 42; 0; 38; 14; 32; 0; 0; 1; 0; 7.1
Juan Arboleda; ; 17; 0; 0; 2; 3; 31; 0; 27; 6; 21; 1; 0; 1; 0; 6.5
David Deverteuil; ; 20; 0; 0; 2; 1; 20; 0; 23; 14; 12; 0; 0; 0; 0; 10
Matt Presley; ; 11; 0; 0; 2; 1; 12; 0; 9; 6; 4; 0; 0; 0; 0; 16.7
John Stark; ; 3; 0; 0; 1; 0; 2; 0; 1; 0; 4; 0; 0; 0; 0; 50
Bill McDonald; ; 8; 0; 0; 1; 0; 5; 0; 10; 2; 4; 0; 0; 0; 0; 20
Carlos Lessa; ; 4; 0; 0; 1; 0; 3; 0; 1; 0; 0; 0; 0; 0; 0; 33.3
Diego Castro; F,M; 7; 0; 0; 1; 2; 8; 0; 4; 0; 1; 0; 0; 0; 0; 12.5
Ray Ferri; ; 8; 0; 0; 1; 3; 9; 0; 16; 0; 3; 0; 0; 1; 0; 11.1
Shannon Presley; ; 4; 0; 0; 0; 0; 1; 0; 0; 0; 0; 0; 0; 0; 0; 0
Bench; ; 6; 0; 0; 0; 0; 0; 0; 0; 20; 0; 0; 0; 0; 0; 
Kevin Onwudiwe; ; 3; 0; 0; 0; 0; 3; 0; 3; 0; 1; 0; 0; 0; 0; 0
Shawn Ray; GK; 17; 0; 0; 0; 3; 2; 0; 2; 10; 0; 0; 0; 0; 0; 0
David West; GK; 1; 0; 0; 0; 0; 0; 0; 0; 0; 0; 0; 0; 0; 0; 
Fredy Sanguinetti; GK; 10; 0; 0; 0; 3; 0; 0; 2; 2; 0; 0; 0; 0; 0; 


Team: Las Vegas Dustdevils

Branko Segota; M,F; 25; 0; 0; 34; 27; 138; 0; 28; 16; 1; 8; 1; 3; 0; 24.6
Danny Barber; M; 28; 0; 0; 32; 21; 119; 0; 26; 6; 18; 5; 2; 3; 0; 26.9
Mark Kerlin; F; 20; 0; 0; 18; 6; 78; 0; 35; 8; 7; 1; 0; 1; 0; 23.1
Ben Erickson; ; 25; 0; 0; 16; 8; 54; 0; 40; 8; 7; 1; 0; 2; 0; 29.6
Gus Castaneda; ; 26; 0; 0; 15; 5; 36; 0; 21; 4; 24; 1; 0; 0; 0; 41.7
Tom Crane; ; 24; 0; 0; 13; 12; 47; 0; 33; 16; 31; 0; 1; 3; 0; 27.7
Rusty Troy; F; 19; 0; 0; 13; 12; 89; 0; 19; 8; 33; 3; 0; 1; 0; 14.6
Roderick Scott; F; 24; 0; 0; 13; 20; 79; 0; 21; 0; 16; 2; 0; 0; 0; 16.5
Doug Borgel; ; 25; 0; 0; 12; 12; 76; 0; 20; 16; 17; 0; 0; 1; 0; 15.8
Dan Packer; ; 28; 0; 0; 10; 3; 65; 0; 54; 8; 16; 0; 0; 2; 0; 15.4
Tarik Walker; F; 12; 0; 0; 7; 2; 35; 0; 18; 8; 3; 0; 0; 0; 0; 20
Thies Carstens; ; 14; 0; 0; 4; 7; 18; 0; 20; 0; 8; 0; 0; 0; 0; 22.2
Colin Rocke; ; 12; 0; 0; 4; 7; 31; 0; 19; 2; 2; 0; 0; 0; 0; 12.9
Carlos Bordinhao; F; 15; 0; 0; 4; 1; 30; 0; 16; 6; 2; 0; 0; 1; 0; 13.3
Gary Young; ; 18; 0; 0; 3; 4; 25; 0; 29; 8; 24; 0; 0; 0; 0; 12
Oscar Pisano; D; 20; 0; 0; 2; 11; 37; 0; 25; 6; 35; 0; 0; 0; 0; 5.4
Bench; ; 4; 0; 0; 0; 0; 0; 0; 1; 8; 0; 0; 0; 0; 0; 
Cliff Odle; ; 3; 0; 0; 0; 1; 0; 0; 4; 0; 0; 0; 0; 0; 0; 
Brett Phillips; GK; 27; 0; 0; 0; 5; 5; 0; 15; 22; 0; 0; 0; 0; 0; 0
Emmett Mielbrecht; GK; 1; 0; 0; 0; 0; 0; 0; 0; 0; 0; 0; 0; 0; 0; 


Team: Monterrey La Raza

Zizinho; F; 27; 0; 0; 59; 38; 215; 0; 33; 8; 1; 5; 0; 3; 0; 27.4
Genoni Martinez; D; 28; 0; 0; 36; 29; 203; 0; 56; 16; 24; 7; 0; 4; 0; 17.7
Octavio Perez; M; 26; 0; 0; 32; 36; 152; 0; 58; 20; 14; 3; 4; 2; 0; 21.1
Marco Lopez; F; 27; 0; 0; 32; 30; 119; 0; 31; 8; 17; 6; 0; 0; 0; 26.9
Hector Beccera; ; 27; 0; 0; 23; 16; 68; 0; 45; 2; 19; 1; 0; 3; 0; 33.8
Jaime Flores; ; 21; 0; 0; 22; 16; 62; 0; 25; 0; 7; 1; 0; 1; 0; 35.5
Martin Hernandez; ; 20; 0; 0; 16; 17; 64; 0; 39; 10; 15; 0; 0; 0; 0; 25
Arturo Castelan; ; 10; 0; 0; 8; 5; 28; 0; 11; 0; 2; 0; 0; 0; 0; 28.6
Francisco De La Garza; ; 21; 0; 0; 8; 5; 34; 0; 30; 10; 6; 0; 1; 2; 0; 23.5
Marcelo Gonzalez; ; 10; 0; 0; 7; 6; 24; 0; 15; 0; 0; 0; 0; 1; 0; 29.2
Ramon Villazevalls; ; 12; 0; 0; 5; 6; 25; 0; 12; 4; 2; 1; 0; 0; 0; 20
Jon Sveinson; ; 18; 0; 0; 5; 5; 26; 0; 21; 6; 23; 0; 1; 1; 0; 19.2
Daniel Mora; ; 18; 0; 0; 4; 7; 22; 0; 40; 16; 28; 0; 0; 0; 0; 18.2
Moises Garduno; ; 6; 0; 0; 3; 0; 9; 0; 7; 0; 0; 0; 0; 0; 0; 33.3
Kevin Smith; M; 5; 0; 0; 3; 7; 13; 0; 1; 0; 1; 0; 0; 0; 0; 23.1
Salvador Mata; ; 3; 0; 0; 2; 0; 3; 0; 1; 2; 1; 0; 0; 0; 0; 66.7
Fernando Llano; ; 10; 0; 0; 2; 1; 5; 0; 7; 2; 0; 0; 0; 0; 0; 40
Ernesto Ceja; ; 9; 0; 0; 2; 2; 24; 0; 8; 0; 0; 0; 0; 0; 0; 8.3
Jaime Cantu; ; 26; 0; 0; 2; 10; 18; 0; 20; 8; 56; 0; 0; 0; 0; 11.1
Jorge Maldanado; GK; 4; 0; 0; 0; 1; 0; 0; 1; 2; 0; 0; 0; 0; 0; 
Raul Salas; GK; 24; 0; 0; 0; 1; 0; 0; 2; 0; 0; 0; 0; 0; 0; 
Franciso Romero; ; 12; 0; 0; 0; 2; 14; 0; 11; 4; 7; 0; 0; 0; 0; 0
Bench; ; 3; 0; 0; 0; 0; 0; 0; 0; 6; 0; 0; 0; 0; 0; 


Team: Pittsburgh Stingers

Kia; F; 24; 0; 0; 31; 25; 99; 0; 36; 19; 6; 4; 0; 1; 0; 31.3
Mikhail Izotov; ; 23; 0; 0; 25; 19; 90; 0; 21; 4; 4; 5; 0; 2; 0; 27.8
Kenny Pryor; ; 28; 0; 0; 16; 16; 105; 0; 23; 6; 17; 7; 0; 3; 0; 15.2
Peter Smith; ; 27; 0; 0; 16; 10; 60; 0; 37; 6; 15; 0; 0; 0; 0; 26.7
Oleg Solodovnik; ; 28; 0; 0; 15; 13; 79; 0; 25; 4; 15; 5; 0; 1; 0; 19
Chris Kelly; ; 25; 0; 0; 14; 11; 36; 0; 41; 16; 7; 3; 0; 0; 0; 38.9
Bob Lilley; ; 26; 0; 0; 14; 22; 72; 0; 27; 10; 34; 5; 0; 1; 0; 19.4
Bobby Johnston; ; 19; 0; 0; 11; 3; 28; 0; 31; 12; 21; 0; 1; 2; 0; 39.3
David Kasper; ; 18; 0; 0; 7; 5; 34; 0; 21; 4; 8; 0; 0; 2; 0; 20.6
Teddy Noethling; ; 17; 0; 0; 5; 2; 20; 0; 8; 0; 1; 0; 0; 1; 0; 25
Wes Sechrist; D; 27; 0; 0; 4; 2; 14; 0; 42; 12; 26; 0; 0; 0; 0; 28.6
Troy Fabiano; ; 26; 0; 0; 4; 5; 29; 0; 32; 14; 30; 0; 0; 0; 0; 13.8
Alan Hom; ; 11; 0; 0; 2; 3; 14; 0; 7; 2; 11; 0; 0; 0; 0; 14.3
Heinz Pak; ; 27; 0; 0; 1; 1; 10; 0; 17; 8; 15; 0; 0; 0; 0; 10
Jake Williams; ; 2; 0; 0; 0; 0; 1; 0; 0; 0; 0; 0; 0; 0; 0; 0
Ian McDonald; ; 9; 0; 0; 0; 0; 3; 0; 5; 4; 6; 0; 0; 0; 0; 0
Doug Petras; GK; 26; 0; 0; 0; 0; 3; 0; 9; 10; 0; 0; 0; 0; 0; 0
Keith Engelhardt; GK; 2; 0; 0; 0; 1; 0; 0; 1; 0; 0; 0; 0; 0; 0; 
Bench; ; 5; 0; 0; 0; 0; 0; 0; 0; 12; 0; 0; 0; 0; 0; 


Team: Portland Pride

Chris Scotti; ; 28; 0; 0; 34; 18; 114; 0; 52; 6; 10; 6; 2; 4; 0; 29.8
Jimmy Clarke; ; 27; 0; 0; 27; 25; 107; 0; 35; 14; 12; 2; 0; 2; 0; 25.2
Jeff Betts; ; 19; 0; 0; 26; 18; 114; 0; 19; 10; 9; 2; 0; 3; 0; 22.8
Rob Baarts; ; 18; 0; 0; 17; 12; 68; 0; 8; 2; 11; 4; 0; 0; 0; 25
Abraham Rubio; ; 28; 0; 0; 15; 10; 68; 0; 29; 6; 8; 0; 0; 0; 0; 22.1
Oth Ngonethong; ; 24; 0; 0; 14; 3; 95; 0; 27; 6; 37; 5; 2; 0; 0; 14.7
Joey Leonetti; ; 23; 0; 0; 10; 9; 50; 0; 31; 12; 7; 0; 0; 1; 0; 20
Garrett Smith; D; 28; 0; 0; 8; 9; 45; 0; 40; 12; 72; 1; 0; 1; 0; 17.8
John Purtteman; ; 28; 0; 0; 5; 7; 34; 0; 39; 8; 50; 0; 0; 0; 0; 14.7
Steve Piercy; ; 18; 0; 0; 5; 2; 37; 0; 15; 8; 9; 0; 0; 1; 0; 13.5
Rob Nichols; ; 7; 0; 0; 5; 2; 13; 0; 5; 0; 1; 0; 0; 1; 0; 38.5
Jason Boykoff; ; 28; 0; 0; 4; 9; 41; 0; 29; 12; 31; 0; 0; 0; 0; 9.8
Scott Sagar; ; 9; 0; 0; 3; 1; 19; 0; 16; 15; 10; 2; 0; 0; 0; 15.8
Roger Gantz; ; 23; 0; 0; 2; 3; 16; 0; 42; 12; 34; 0; 0; 0; 0; 12.5
Randy Karr; ; 8; 0; 0; 1; 2; 8; 0; 3; 0; 3; 0; 0; 0; 0; 12.5
Bill Sedgewick; D; 10; 0; 0; 1; 1; 11; 0; 9; 4; 6; 0; 0; 1; 0; 9.1
Jim Gorsek; GK; 26; 0; 0; 0; 2; 0; 0; 4; 6; 2; 0; 0; 0; 0; 
Scott Gaither; F; 10; 0; 0; 0; 7; 10; 0; 25; 10; 7; 0; 0; 0; 0; 0
Rob Warnell; GK; 2; 0; 0; 0; 0; 0; 0; 1; 4; 1; 0; 0; 0; 0; 



Team: Sacramento Knights

Jon Parry; ; 26; 0; 0; 28; 18; 165; 0; 39; 28; 9; 4; 0; 1; 0; 17
Mark Thomas; ; 28; 0; 0; 28; 34; 109; 0; 59; 12; 22; 3; 2; 2; 1; 25.7
Gerell Elliott; F; 24; 0; 0; 23; 11; 123; 0; 16; 0; 8; 3; 0; 3; 0; 18.7
Shawn Blakeman; ; 25; 0; 0; 22; 12; 115; 0; 63; 47; 31; 4; 0; 4; 1; 19.1
Jeff Alcala; ; 20; 0; 0; 10; 8; 48; 0; 22; 8; 10; 1; 1; 0; 0; 20.8
Luis Mario Orellana; F; 19; 0; 0; 9; 4; 37; 0; 23; 2; 4; 0; 0; 0; 0; 24.3
Steve Petuskey; ; 8; 0; 0; 8; 5; 20; 0; 4; 4; 2; 2; 0; 2; 1; 40
Craig Huft; ; 27; 0; 0; 7; 16; 49; 0; 36; 4; 22; 0; 0; 1; 0; 14.3
Paul Hansen; ; 23; 0; 0; 5; 6; 20; 0; 52; 4; 26; 0; 0; 0; 0; 25
John Prow; ; 21; 0; 0; 5; 3; 19; 0; 18; 0; 40; 0; 0; 1; 0; 26.3
Kenny Latham; ; 26; 0; 0; 4; 5; 16; 0; 42; 18; 34; 0; 0; 0; 0; 25
Lucas Martin; ; 14; 0; 0; 4; 1; 27; 0; 22; 8; 9; 1; 0; 1; 0; 14.8
Roger Gibbins; F; 11; 0; 0; 3; 3; 16; 0; 5; 0; 15; 1; 0; 0; 0; 18.8
Freddie Thompson; M; 11; 0; 0; 2; 10; 13; 0; 3; 0; 25; 0; 0; 0; 0; 15.4
Eric Harvey; F,D; 14; 0; 0; 2; 1; 11; 0; 17; 6; 24; 0; 0; 0; 0; 18.2
Mark Bickham; ; 15; 0; 0; 1; 1; 12; 0; 16; 15; 18; 0; 0; 0; 0; 8.3
Ricky Villa; ; 12; 0; 0; 1; 2; 7; 0; 5; 2; 12; 0; 0; 0; 0; 14.3
Sean Bowers; D; 4; 0; 0; 1; 5; 26; 0; 5; 2; 13; 0; 0; 0; 0; 3.8
John Kuespert; ; 9; 0; 0; 0; 0; 1; 0; 2; 0; 2; 0; 0; 0; 0; 0
Mike Dowler; GK; 26; 0; 0; 0; 3; 0; 0; 5; 4; 0; 0; 0; 0; 0; 
Mario Astorga; GK; 2; 0; 0; 0; 0; 0; 0; 0; 0; 0; 0; 0; 0; 0; 


Team: San Diego Sockers

John Olu-Molomo; ; 26; 0; 0; 39; 21; 98; 0; 35; 14; 8; 4; 1; 1; 0; 39.8
Keder; F,M/F; 26; 0; 0; 31; 23; 139; 0; 59; 37; 2; 4; 0; 3; 1; 22.3
Rene Ortiz; D; 26; 0; 0; 28; 21; 131; 0; 36; 16; 35; 7; 0; 0; 0; 21.4
Toby Taitano; ; 28; 0; 0; 24; 23; 70; 0; 40; 4; 9; 7; 1; 2; 1; 34.3
Waad Hirmez; D,F,M; 25; 0; 0; 20; 14; 115; 0; 36; 28; 22; 3; 0; 2; 0; 17.4
Paul Gelvezon; ; 28; 0; 0; 18; 10; 44; 0; 49; 16; 12; 1; 0; 1; 0; 40.9
Agustin Pascual; ; 25; 0; 0; 12; 11; 86; 0; 41; 2; 6; 0; 0; 1; 0; 14
Braeden Cloutier; M; 24; 0; 0; 11; 3; 39; 0; 39; 8; 10; 0; 0; 0; 0; 28.2
Brian Negrete; ; 28; 0; 0; 9; 23; 61; 0; 49; 10; 50; 0; 0; 2; 0; 14.8
David Banks; D; 28; 0; 0; 8; 14; 51; 0; 23; 14; 37; 0; 0; 0; 0; 15.7
Ryan Tinsley; D; 16; 0; 0; 8; 1; 21; 0; 19; 2; 1; 0; 0; 1; 1; 38.1
Kevin Legg; ; 10; 0; 0; 7; 2; 19; 0; 9; 4; 8; 0; 1; 4; 0; 36.8
David Beall; ; 14; 0; 0; 5; 3; 22; 0; 11; 2; 3; 0; 0; 1; 0; 22.7
Ralf Wilhelms; D; 17; 0; 0; 5; 12; 23; 0; 16; 6; 14; 1; 0; 1; 0; 21.7
Ray Taila; ; 8; 0; 0; 4; 1; 12; 0; 8; 0; 3; 0; 0; 0; 0; 33.3
Tommy Reasoner; D; 14; 0; 0; 3; 1; 19; 0; 15; 4; 8; 0; 0; 0; 0; 15.8
Asghar Namdar; M,F; 4; 0; 0; 2; 4; 8; 0; 5; 0; 4; 0; 0; 0; 0; 25
Phil Salvagio; GK; 9; 0; 0; 0; 0; 0; 0; 1; 2; 0; 0; 0; 0; 0; 
Yaro Dachniwsky; GK; 2; 0; 0; 0; 0; 0; 0; 0; 0; 0; 0; 0; 0; 0; 
Willy Morcillo; D,F; 2; 0; 0; 0; 0; 1; 0; 3; 0; 1; 0; 0; 0; 0; 0
Antonio Cortes; GK; 17; 0; 0; 0; 2; 1; 0; 2; 4; 0; 0; 0; 0; 0; 0
Shahin Safarian; ; 10; 0; 0; 0; 2; 4; 0; 6; 6; 7; 0; 0; 0; 0; 0
Mike Demko; ; 1; 0; 0; 0; 0; 0; 0; 1; 0; 0; 0; 0; 0; 0; 


Team: San Jose Grizzlies

Bernie Lilavois; F; 28; 0; 0; 36; 19; 111; 0; 43; 18; 14; 10; 0; 3; 0; 32.4
Neathan Gibson; F; 25; 0; 0; 26; 9; 78; 0; 63; 25; 21; 5; 0; 1; 0; 33.3
Bruce Broughton; ; 28; 0; 0; 24; 16; 90; 0; 27; 4; 25; 1; 0; 3; 0; 26.7
Preki; M; 8; 0; 0; 16; 14; 56; 0; 6; 8; 0; 2; 0; 1; 0; 28.6
Randy Prescott; M; 28; 0; 0; 15; 13; 78; 0; 20; 6; 53; 4; 0; 1; 0; 19.2
Kevin Hundelt; D,M; 23; 0; 0; 15; 14; 58; 0; 30; 6; 56; 5; 0; 1; 0; 25.9
Rich Ryerson; ; 21; 0; 0; 13; 15; 50; 0; 33; 12; 25; 1; 0; 2; 0; 26
Paul Lester; ; 26; 0; 0; 8; 2; 55; 0; 10; 10; 13; 0; 0; 0; 0; 14.5
Peter Cochran; ; 25; 0; 0; 8; 7; 32; 0; 30; 6; 15; 0; 0; 0; 0; 25
Steve Marquez; ; 18; 0; 0; 4; 4; 19; 0; 14; 0; 9; 0; 0; 0; 0; 21.1
Grant Schick; ; 26; 0; 0; 4; 3; 26; 0; 17; 6; 17; 0; 0; 0; 0; 15.4
Alberto Cruz; ; 14; 0; 0; 3; 5; 23; 0; 9; 4; 11; 0; 0; 0; 0; 13
Craig Hampton; ; 24; 0; 0; 2; 4; 22; 0; 33; 6; 28; 0; 0; 0; 0; 9.1
Lucas Martin; ; 3; 0; 0; 2; 0; 7; 0; 4; 0; 1; 0; 0; 0; 0; 28.6
Dragan Novakovic; ; 5; 0; 0; 1; 1; 5; 0; 9; 0; 1; 0; 0; 0; 0; 20
Jason Goodson; ; 7; 0; 0; 0; 0; 3; 0; 8; 0; 22; 0; 0; 0; 0; 0
James Woolridge; ; 11; 0; 0; 0; 0; 2; 0; 7; 2; 21; 0; 0; 0; 0; 0
Branislav Lecic; ; 4; 0; 0; 0; 0; 1; 0; 3; 2; 0; 0; 0; 0; 0; 0
Dan Madsen; ; 14; 0; 0; 0; 1; 0; 0; 3; 8; 0; 0; 0; 0; 0; 
Mark Lehnert; GK; 14; 0; 0; 0; 2; 0; 0; 1; 4; 0; 0; 0; 0; 0; 
Stan Stamenkovic; F; 8; 0; 0; 0; 4; 4; 0; 0; 0; 0; 0; 0; 0; 0; 0
Bench; ; 4; 0; 0; 0; 0; 0; 0; 0; 8; 0; 0; 0; 0; 0; 
Trevor Kelly; ; 4; 0; 0; 0; 1; 9; 0; 1; 2; 1; 0; 0; 0; 0; 0


Team: Washington Warthogs

Goran Hunjak; M; 25; 0; 0; 47; 53; 192; 0; 37; 23; 14; 3; 1; 5; 1; 24.5
Denison Cabral; F; 22; 0; 0; 32; 5; 113; 0; 28; 12; 3; 2; 0; 3; 0; 28.3
Dante Washington; F; 20; 0; 0; 31; 11; 123; 0; 31; 2; 13; 1; 1; 1; 0; 25.2
Eric McClellan; ; 28; 0; 0; 23; 27; 116; 0; 33; 6; 22; 0; 3; 0; 0; 19.8
Eric Eichmann; F; 27; 0; 0; 19; 15; 95; 0; 42; 16; 18; 4; 0; 0; 0; 20
Joe Koziol; M; 22; 0; 0; 11; 14; 82; 0; 34; 25; 34; 0; 0; 1; 0; 13.4
Carsten Siersbaek; ; 9; 0; 0; 9; 1; 31; 0; 13; 8; 4; 1; 0; 1; 0; 29
Jorge Alvarez; ; 26; 0; 0; 9; 7; 51; 0; 25; 4; 4; 1; 0; 1; 0; 17.6
Bill Harte; M; 27; 0; 0; 8; 9; 50; 0; 24; 4; 33; 1; 0; 0; 0; 16
Troy Snyder; D; 27; 0; 0; 6; 8; 44; 0; 58; 32; 74; 0; 0; 0; 0; 13.6
Rob Ryerson; F; 26; 0; 0; 6; 8; 27; 0; 22; 4; 25; 0; 0; 1; 0; 22.2
Irad Young; ; 9; 0; 0; 6; 4; 15; 0; 8; 4; 5; 0; 0; 1; 0; 40
Manny Montajo; ; 27; 0; 0; 5; 6; 34; 0; 33; 10; 24; 0; 0; 0; 0; 14.7
Mario Alegria; ; 4; 0; 0; 1; 1; 12; 0; 5; 0; 1; 1; 0; 0; 0; 8.3
Joe Collins; ; 14; 0; 0; 1; 3; 20; 0; 21; 0; 11; 0; 0; 0; 0; 5
David Tenney; GK; 10; 0; 0; 0; 0; 0; 0; 0; 0; 2; 0; 0; 0; 0; 
Brian Harpole; ; 1; 0; 0; 0; 0; 0; 0; 0; 0; 0; 0; 0; 0; 0; 
Richie Burke; ; 6; 0; 0; 0; 0; 1; 0; 3; 2; 2; 0; 0; 0; 0; 0
Colette Cunningham; ; 12; 0; 0; 0; 2; 5; 0; 0; 0; 0; 0; 0; 0; 0; 0
Rob Diver; ; 1; 0; 0; 0; 0; 0; 0; 1; 0; 0; 0; 0; 0; 0; 
Jim Brazeau; GK; 19; 0; 0; 0; 0; 2; 0; 2; 4; 0; 0; 0; 0; 0; 0
Dan Dougherty; ; 3; 0; 0; 0; 0; 2; 0; 3; 0; 1; 0; 0; 0; 0; 0


Season: 1995
Team: Anaheim Splash

Doug Neeley; D; 26; 0; 0; 33; 15; 97; 0; 28; 15; 32; 14; 0; 1; 0; 34
Jose Vasquez; D; 27; 0; 0; 22; 10; 78; 0; 66; 14; 2; 4; 0; 3; 0; 28.2
Sean Bowers; D; 24; 0; 0; 18; 19; 92; 0; 44; 12; 63; 1; 0; 4; 0; 19.6
Dale Ervine; D,M/F,F; 9; 0; 0; 16; 12; 70; 0; 8; 10; 1; 1; 0; 1; 0; 22.9
Sam George; M; 28; 0; 0; 15; 6; 48; 0; 25; 2; 26; 0; 0; 2; 1; 31.3
Denis Hamlett; D; 27; 0; 0; 14; 12; 50; 0; 64; 30; 45; 0; 1; 2; 0; 28
Bernie Lilavois; F; 17; 0; 0; 12; 4; 34; 0; 21; 12; 2; 1; 0; 2; 0; 35.3
Rod Castro; M,D; 15; 0; 0; 10; 7; 51; 0; 16; 8; 3; 1; 0; 0; 0; 19.6
Armando Valdivia; M; 27; 0; 0; 7; 14; 51; 0; 37; 6; 13; 0; 1; 0; 0; 13.7
Paul Mcdonnell; ; 24; 0; 0; 6; 6; 25; 0; 32; 8; 30; 0; 0; 0; 0; 24
Francisco Jaime; ; 23; 0; 0; 5; 1; 17; 0; 48; 10; 9; 0; 0; 0; 0; 29.4
John O'Brien; ; 20; 0; 0; 3; 4; 18; 0; 19; 8; 11; 0; 0; 0; 0; 16.7
Bench; ; 0; 0; 0; 1; 0; 1; 0; 0; 12; 0; 0; 0; 1; 1; 100
Shane Hickson; ; 14; 0; 0; 1; 4; 24; 0; 14; 2; 16; 0; 0; 0; 0; 4.2
Jorge Valenzuela; GK; 10; 0; 0; 0; 0; 0; 0; 0; 4; 0; 0; 0; 0; 0; 
Bobby Bruch; F/M; 5; 0; 0; 0; 0; 0; 0; 2; 0; 3; 0; 0; 0; 0; 
Paul Agyeman; ; 8; 0; 0; 0; 1; 9; 0; 6; 0; 2; 0; 0; 0; 0; 0
Ruben Fernandez; GK; 19; 0; 0; 0; 3; 1; 0; 0; 0; 0; 0; 0; 0; 0; 0
Ricky Rodriguez; ; 1; 0; 0; 0; 0; 0; 0; 0; 0; 0; 0; 0; 0; 0; 
Adel Afkarian; ; 3; 0; 0; 0; 2; 3; 0; 0; 0; 0; 0; 0; 0; 0; 0

Team: Arizona Sandsharks

Don Gaillard; ; 27; 0; 0; 32; 17; 123; 0; 21; 2; 14; 4; 0; 1; 0; 26
Bojan Vuckovic; F; 28; 0; 0; 32; 17; 115; 0; 50; 6; 19; 3; 0; 2; 0; 27.8
Mirko Castillo; F; 25; 0; 0; 23; 21; 122; 0; 36; 4; 7; 2; 0; 2; 0; 18.9
Rick Soderman; ; 28; 0; 0; 17; 18; 64; 0; 23; 0; 7; 3; 0; 0; 0; 26.6
Terry Woodberry; M,F; 15; 0; 0; 12; 11; 56; 0; 15; 12; 21; 2; 0; 1; 0; 21.4
Dale Ervine; D,M/F,F; 12; 0; 0; 10; 17; 84; 0; 15; 10; 3; 1; 0; 0; 0; 11.9
Carlos Zavala; ; 20; 0; 0; 9; 8; 65; 0; 29; 12; 24; 2; 0; 0; 0; 13.8
Jason Vanacour; ; 24; 0; 0; 7; 5; 48; 0; 37; 10; 41; 1; 0; 0; 0; 14.6
Zack Pace; ; 25; 0; 0; 7; 2; 34; 0; 21; 4; 12; 0; 0; 2; 0; 20.6
Aaron Muth; ; 21; 0; 0; 5; 1; 15; 0; 9; 0; 10; 0; 0; 1; 0; 33.3
Randy Soderman; D; 26; 0; 0; 5; 4; 42; 0; 31; 20; 30; 0; 0; 0; 0; 11.9
Edmundo Rodriguez; M; 23; 0; 0; 4; 12; 38; 0; 47; 16; 5; 0; 0; 1; 0; 10.5
Paul Agyeman; ; 6; 0; 0; 4; 4; 12; 0; 4; 0; 2; 1; 0; 0; 0; 33.3
David Hudgell; ; 20; 0; 0; 2; 7; 24; 0; 44; 10; 19; 0; 0; 0; 0; 8.3
Steve Riddle; ; 3; 0; 0; 2; 0; 3; 0; 3; 0; 1; 0; 0; 1; 0; 66.7
Antonio Simplicio; ; 8; 0; 0; 1; 0; 7; 0; 0; 0; 1; 0; 0; 0; 0; 14.3
Milo Iniquez; ; 4; 0; 0; 1; 1; 5; 0; 0; 0; 0; 0; 0; 0; 0; 20
Rui Silva; ; 6; 0; 0; 1; 0; 4; 0; 3; 0; 0; 0; 0; 0; 0; 25
Greg Veatch; M,G; 8; 0; 0; 1; 1; 7; 0; 4; 2; 18; 0; 0; 0; 0; 14.3
Jose Corona; ; 15; 0; 0; 1; 2; 13; 0; 8; 0; 11; 0; 0; 0; 0; 7.7
Cathal Ledwith; ; 5; 0; 0; 0; 0; 4; 0; 3; 0; 2; 0; 0; 0; 0; 0
Mate Kozul; ; 3; 0; 0; 0; 0; 2; 0; 2; 2; 4; 0; 0; 0; 0; 0
Lyn Venable; GK; 9; 0; 0; 0; 1; 1; 0; 0; 8; 0; 0; 0; 0; 0; 0
Al-Zenati Zenati; ; 3; 0; 0; 0; 1; 4; 0; 4; 2; 0; 0; 0; 0; 0; 0
Bench; ; 3; 0; 0; 0; 0; 0; 0; 0; 6; 0; 0; 0; 0; 0; 
Scott Hileman; ; 20; 0; 0; 0; 2; 1; 0; 0; 8; 0; 0; 0; 0; 0; 0
Andras Juhasz; ; 2; 0; 0; 0; 1; 2; 0; 2; 0; 0; 0; 0; 0; 0; 0


Team: Dallas Sidekicks

Tatu; F,D; 27; 0; 0; 49; 47; 205; 0; 41; 18; 19; 8; 0; 2; 0; 23.9
David Doyle; M; 27; 0; 0; 38; 28; 204; 0; 39; 20; 40; 9; 1; 5; 0; 18.6
Giampaulo Pedroso; ; 25; 0; 0; 30; 16; 88; 0; 38; 10; 9; 12; 0; 1; 0; 34.1
Nick Stavrou; M; 28; 0; 0; 19; 18; 94; 0; 35; 10; 38; 1; 0; 1; 0; 20.2
Kevin Smith; M; 22; 0; 0; 14; 27; 54; 0; 11; 2; 18; 0; 1; 2; 0; 25.9
Rusty Troy; F; 27; 0; 0; 13; 12; 74; 0; 27; 16; 54; 2; 0; 2; 0; 17.6
Patrick Shamu; M; 26; 0; 0; 9; 7; 37; 0; 24; 4; 7; 0; 0; 1; 0; 24.3
Eric Dade; D; 17; 0; 0; 8; 4; 33; 0; 31; 18; 20; 0; 0; 1; 0; 24.2
Mike Powers; M,D; 28; 0; 0; 8; 7; 35; 0; 49; 6; 56; 0; 1; 0; 0; 22.9
Dave Reichart; ; 20; 0; 0; 8; 14; 57; 0; 33; 6; 12; 0; 0; 0; 0; 14
Curtis Partain; ; 22; 0; 0; 5; 5; 21; 0; 21; 4; 20; 0; 0; 1; 0; 23.8
John Hedlund; D,F; 16; 0; 0; 4; 5; 13; 0; 24; 2; 31; 0; 0; 0; 0; 30.8
Frank Filo; ; 22; 0; 0; 3; 1; 15; 0; 12; 2; 17; 0; 0; 0; 0; 20
Chris Hayden; ; 23; 0; 0; 3; 5; 16; 0; 12; 2; 3; 0; 0; 0; 0; 18.8
Alex Sanchez; ; 10; 0; 0; 2; 0; 9; 0; 12; 2; 2; 0; 0; 0; 0; 22.2
Bench; ; 5; 0; 0; 1; 0; 1; 0; 0; 8; 0; 0; 0; 1; 1; 100
Chris Ring; ; 3; 0; 0; 1; 0; 1; 0; 0; 0; 0; 0; 0; 1; 0; 100
Daniel Dapaah; ; 2; 0; 0; 0; 0; 0; 0; 1; 0; 0; 0; 0; 0; 0; 
Dev Reeves; D; 2; 0; 0; 0; 0; 0; 0; 2; 2; 1; 0; 0; 0; 0; 
David Hughes; ; 11; 0; 0; 0; 0; 1; 0; 7; 2; 2; 0; 0; 0; 0; 0
Kyle Krpata; GK; 11; 0; 0; 0; 1; 0; 0; 0; 2; 0; 0; 0; 0; 0; 
Hank Henry; GK; 17; 0; 0; 0; 1; 0; 0; 1; 14; 0; 0; 0; 0; 0; 
Moses Zialu; ; 1; 0; 0; 0; 0; 0; 0; 1; 0; 0; 0; 0; 0; 0; 


Team: Detroit Neon

Andy Chapman; F; 28; 0; 0; 38; 21; 185; 0; 29; 12; 9; 3; 0; 2; 0; 20.5
Joel Shanker; F; 22; 0; 0; 14; 6; 58; 0; 17; 8; 39; 2; 0; 1; 0; 24.1
Bob Harmon; ; 28; 0; 0; 12; 12; 62; 0; 35; 14; 20; 0; 0; 1; 0; 19.4
Steve Kinsey; F; 17; 0; 0; 12; 11; 63; 0; 14; 6; 13; 2; 0; 0; 0; 19
Joey Murtagh; ; 25; 0; 0; 10; 9; 62; 0; 37; 27; 15; 1; 0; 1; 0; 16.1
Ken Snow; ; 5; 0; 0; 9; 2; 29; 0; 8; 2; 3; 1; 0; 0; 0; 31
Ian Wagstaff; ; 20; 0; 0; 6; 3; 18; 0; 17; 4; 9; 0; 0; 0; 0; 33.3
Terry Rowe; D; 25; 0; 0; 6; 6; 31; 0; 50; 30; 35; 1; 1; 0; 0; 19.4
Hormoz Tabrizi; D; 26; 0; 0; 5; 4; 32; 0; 28; 8; 43; 1; 0; 0; 0; 15.6
Ian Farebrother; D; 17; 0; 0; 5; 4; 58; 0; 45; 23; 23; 1; 0; 0; 0; 8.6
Noel Korowin; ; 25; 0; 0; 5; 3; 26; 0; 41; 20; 19; 0; 1; 0; 0; 19.2
Erwin Asselman; ; 14; 0; 0; 4; 1; 14; 0; 5; 4; 2; 0; 0; 0; 0; 28.6
Chris Crawford; ; 19; 0; 0; 2; 0; 11; 0; 21; 16; 16; 0; 0; 0; 0; 18.2
Steve McCaul; ; 20; 0; 0; 2; 6; 30; 0; 31; 6; 20; 0; 0; 0; 0; 6.7
Beronie Richardson; ; 7; 0; 0; 1; 0; 5; 0; 1; 0; 1; 0; 0; 0; 0; 20
Mali Walton; D; 12; 0; 0; 1; 1; 8; 0; 12; 2; 6; 0; 0; 0; 0; 12.5
John Phillips; ; 8; 0; 0; 0; 0; 0; 0; 2; 2; 0; 0; 0; 0; 0; 
Colin Jex; GK; 8; 0; 0; 0; 0; 0; 0; 0; 2; 0; 0; 0; 0; 0; 
Victor Quni; F; 2; 0; 0; 0; 0; 2; 0; 0; 0; 0; 0; 0; 0; 0; 0
John Kluba; GK; 17; 0; 0; 0; 5; 4; 0; 2; 6; 0; 0; 0; 0; 0; 0
Bench; ; 3; 0; 0; 0; 0; 0; 0; 0; 8; 0; 0; 0; 0; 0; 
Earl Parris; ; 16; 0; 0; 0; 2; 18; 0; 22; 22; 22; 0; 0; 0; 0; 0
Curtis McAlister; GK; 6; 0; 0; 0; 1; 0; 0; 0; 0; 0; 0; 0; 0; 0; 


Team: Houston Hotshots

Nebo Bandovic; F; 18; 0; 0; 30; 14; 131; 0; 37; 8; 4; 2; 0; 0; 0; 22.9
Ziad Allan; ; 28; 0; 0; 23; 24; 101; 0; 26; 4; 17; 1; 0; 2; 0; 22.8
Diego L. Maradona; ; 28; 0; 0; 20; 2; 62; 0; 18; 8; 8; 4; 0; 1; 0; 32.3
Mario Ribera; ; 25; 0; 0; 16; 6; 89; 0; 21; 4; 5; 2; 0; 1; 0; 18
Arash Noamouz; D; 24; 0; 0; 11; 15; 38; 0; 29; 4; 23; 0; 0; 2; 0; 28.9
Horacio Leone; ; 27; 0; 0; 10; 16; 79; 0; 37; 6; 11; 0; 0; 0; 0; 12.7
Damien Harley; ; 25; 0; 0; 9; 6; 56; 0; 38; 4; 40; 0; 0; 0; 0; 16.1
Beto; M; 28; 0; 0; 9; 17; 68; 0; 28; 4; 40; 2; 0; 0; 0; 13.2
Olivier Finidori; ; 27; 0; 0; 8; 3; 29; 0; 33; 6; 7; 0; 0; 0; 0; 27.6
Chico Moreira; D; 27; 0; 0; 7; 5; 41; 0; 37; 16; 53; 0; 0; 1; 0; 17.1
Enrique Samillan; ; 19; 0; 0; 5; 0; 35; 0; 15; 4; 3; 0; 0; 1; 0; 14.3
Gary Young; ; 25; 0; 0; 4; 6; 38; 0; 35; 8; 39; 0; 0; 0; 0; 10.5
Jon Gardner; ; 25; 0; 0; 2; 6; 40; 0; 24; 0; 30; 0; 0; 0; 0; 5
Mark McKay; ; 20; 0; 0; 2; 3; 28; 0; 29; 6; 11; 0; 0; 0; 0; 7.1
Bench; ; 6; 0; 0; 0; 0; 0; 0; 0; 12; 0; 0; 0; 0; 0; 
Eloy Salgado; F; 2; 0; 0; 0; 0; 5; 0; 3; 0; 0; 0; 0; 0; 0; 0
Raymond Echavarry; ; 4; 0; 0; 0; 1; 0; 0; 0; 0; 0; 0; 0; 0; 0; 
Terry Waldorf; GK; 27; 0; 0; 0; 5; 4; 0; 0; 6; 0; 0; 0; 0; 0; 0
Fredy Sanguinetti; GK; 3; 0; 0; 0; 0; 0; 0; 0; 0; 0; 0; 0; 0; 0; 


Team: Las Vegas Dustdevils

Ben Erickson; ; 24; 0; 0; 27; 15; 84; 0; 39; 21; 8; 7; 0; 0; 0; 32.1
Danny Barber; M; 28; 0; 0; 27; 28; 109; 0; 36; 2; 16; 2; 3; 2; 0; 24.8
Doug Borgel; ; 26; 0; 0; 24; 18; 79; 0; 22; 16; 12; 5; 0; 1; 0; 30.4
Damir Haramina; F; 18; 0; 0; 21; 12; 87; 0; 11; 2; 8; 5; 0; 2; 0; 24.1
Scott Gaither; F; 25; 0; 0; 16; 15; 48; 0; 50; 10; 13; 1; 0; 1; 0; 33.3
Tom Soehn; D; 27; 0; 0; 16; 11; 95; 0; 41; 0; 63; 2; 0; 1; 0; 16.8
Colin Rocke; ; 18; 0; 0; 13; 6; 63; 0; 33; 8; 9; 1; 0; 1; 0; 20.6
Mark Kerlin; F; 25; 0; 0; 13; 7; 66; 0; 30; 8; 14; 1; 0; 1; 0; 19.7
Branko Segota; M,F; 9; 0; 0; 12; 22; 47; 0; 9; 6; 1; 0; 0; 2; 0; 25.5
Carlos Bordinhao; F; 27; 0; 0; 10; 4; 62; 0; 35; 10; 7; 0; 0; 1; 0; 16.1
Dan Packer; ; 28; 0; 0; 9; 3; 38; 0; 49; 18; 14; 1; 0; 0; 0; 23.7
Tom Crane; ; 27; 0; 0; 8; 10; 45; 0; 50; 28; 27; 0; 0; 1; 0; 17.8
Scott Uderitz; D; 23; 0; 0; 7; 8; 44; 0; 41; 16; 38; 1; 0; 0; 0; 15.9
Tomislav Gricar; ; 6; 0; 0; 6; 1; 19; 0; 12; 6; 6; 0; 0; 0; 0; 31.6
Gus Castaneda; ; 25; 0; 0; 3; 8; 32; 0; 18; 6; 21; 0; 0; 0; 0; 9.4
Oscar Pisano; D; 24; 0; 0; 3; 8; 25; 0; 25; 12; 45; 0; 0; 0; 0; 12
P.J. Polowski; ; 2; 0; 0; 0; 1; 1; 0; 3; 2; 0; 0; 0; 0; 0; 0
Brett Phillips; GK; 27; 0; 0; 0; 4; 1; 0; 9; 20; 0; 0; 0; 0; 0; 0
Jeff Gopsill; GK; 1; 0; 0; 0; 0; 0; 0; 0; 2; 0; 0; 0; 0; 0; 


Team: Mexico Toros

Samuel Jeronimo; ; 28; 0; 0; 31; 16; 91; 0; 54; 6; 11; 4; 1; 1; 0; 34.1
Alejandro Moreno; F,M; 27; 0; 0; 25; 9; 83; 0; 60; 12; 9; 5; 1; 2; 0; 30.1
Mariano Bollella; M; 28; 0; 0; 22; 17; 101; 0; 36; 8; 15; 2; 0; 2; 0; 21.8
Juan Carlos Reza; ; 21; 0; 0; 20; 6; 50; 0; 42; 22; 6; 1; 0; 2; 0; 40
Arturo Castelan; ; 26; 0; 0; 16; 20; 66; 0; 33; 16; 6; 2; 1; 3; 0; 24.2
Moises Garduno; ; 21; 0; 0; 15; 11; 57; 0; 43; 4; 5; 3; 0; 1; 0; 26.3
Daniel Mejia; ; 20; 0; 0; 14; 10; 46; 0; 28; 4; 2; 1; 0; 2; 0; 30.4
Oswaldo Medina; D; 15; 0; 0; 9; 6; 24; 0; 18; 8; 3; 0; 0; 0; 0; 37.5
Salvador Rodriguez; ; 14; 0; 0; 7; 6; 39; 0; 12; 11; 12; 0; 0; 1; 0; 17.9
German Zamora; ; 23; 0; 0; 7; 7; 63; 0; 26; 13; 14; 0; 0; 1; 0; 11.1
Rodolfo De Las Fuentes; ; 28; 0; 0; 6; 8; 123; 0; 24; 12; 21; 0; 0; 0; 0; 4.9
Daniel Chavez; ; 24; 0; 0; 6; 4; 45; 0; 15; 4; 19; 0; 0; 0; 0; 13.3
Francisco Ceron; ; 16; 0; 0; 5; 2; 24; 0; 33; 6; 2; 0; 2; 0; 0; 20.8
Edilson Da Silva; ; 11; 0; 0; 5; 2; 16; 0; 13; 0; 2; 0; 0; 1; 0; 31.3
Miguel Pedraza; ; 11; 0; 0; 4; 7; 61; 0; 12; 2; 1; 0; 0; 0; 0; 6.6
Fernando Marmolejo; ; 2; 0; 0; 2; 0; 3; 0; 2; 0; 0; 0; 0; 0; 0; 66.7
Marcelo Correa; ; 7; 0; 0; 2; 7; 19; 0; 10; 0; 1; 0; 0; 0; 0; 10.5
Humberto Dominguez; ; 7; 0; 0; 2; 2; 9; 0; 11; 0; 3; 1; 0; 1; 0; 22.2
Arturo Velazco; D; 25; 0; 0; 2; 8; 14; 0; 51; 22; 43; 0; 0; 0; 0; 14.3
Julio Colin; ; 2; 0; 0; 0; 0; 1; 0; 2; 2; 0; 0; 0; 0; 0; 0
Gerado Cazares; GK; 11; 0; 0; 0; 1; 0; 0; 0; 2; 0; 0; 0; 0; 0; 
Jose Luis Rojano; ; 6; 0; 0; 0; 2; 4; 0; 6; 0; 2; 0; 0; 0; 0; 0
Daniel Mora; ; 1; 0; 0; 0; 0; 0; 0; 1; 2; 2; 0; 0; 0; 0; 
Juan De La O; GK; 17; 0; 0; 0; 1; 2; 0; 1; 2; 0; 0; 0; 0; 0; 0



Team: Monterrey La Raza

Zizinho; F; 28; 0; 0; 55; 29; 195; 0; 44; 2; 5; 5; 0; 2; 0; 28.2
Octavio Perez; M; 25; 0; 0; 29; 26; 127; 0; 44; 8; 9; 10; 0; 1; 0; 22.8
Genoni Martinez; D; 28; 0; 0; 28; 27; 172; 0; 53; 18; 41; 4; 1; 3; 0; 16.3
Marco Lopez; F; 20; 0; 0; 28; 22; 106; 0; 30; 0; 12; 2; 0; 2; 0; 26.4
Marco Coria; G,D; 28; 0; 0; 19; 13; 60; 0; 50; 14; 4; 0; 0; 3; 0; 31.7
Waad Hirmez; D,F,M; 26; 0; 0; 17; 22; 85; 0; 40; 28; 86; 5; 0; 2; 0; 20
David Pereyra; F; 24; 0; 0; 16; 7; 40; 0; 55; 8; 2; 0; 0; 3; 0; 40
Jaime Flores; ; 27; 0; 0; 14; 11; 67; 0; 35; 8; 13; 2; 2; 1; 0; 20.9
Alejandro Cardenas; D; 26; 0; 0; 12; 13; 77; 0; 47; 17; 19; 0; 0; 2; 0; 15.6
Francisco De La Garza; ; 26; 0; 0; 7; 7; 33; 0; 34; 6; 8; 0; 0; 2; 0; 21.2
Hector Beccera; ; 20; 0; 0; 6; 3; 26; 0; 15; 2; 7; 0; 0; 0; 0; 23.1
Jaime Cantu; ; 27; 0; 0; 4; 6; 21; 0; 21; 4; 34; 0; 1; 0; 0; 19
Jose Luis Hernandez; ; 5; 0; 0; 4; 3; 22; 0; 2; 2; 9; 0; 0; 1; 0; 18.2
Marcelo Gonzalez; ; 4; 0; 0; 2; 0; 6; 0; 9; 0; 0; 0; 0; 1; 0; 33.3
Daniel Mora; ; 9; 0; 0; 1; 2; 3; 0; 5; 2; 1; 0; 0; 0; 0; 33.3
Ramon Villazevalls; ; 4; 0; 0; 0; 0; 2; 0; 3; 2; 0; 0; 0; 0; 0; 0
Jorge Uribe; ; 3; 0; 0; 0; 0; 2; 0; 3; 0; 2; 0; 0; 0; 0; 0
Bench; ; 3; 0; 0; 0; 0; 0; 0; 0; 6; 0; 0; 0; 0; 0; 
Andres Carranza; ; 7; 0; 0; 0; 0; 5; 0; 3; 0; 6; 0; 0; 0; 0; 0
Alejandro Giorgana; ; 10; 0; 0; 0; 3; 19; 0; 11; 2; 1; 0; 0; 0; 0; 0
Norberto Anzorena; ; 7; 0; 0; 0; 6; 9; 0; 8; 2; 0; 0; 0; 0; 0; 0
Raul Salas; GK; 26; 0; 0; 0; 6; 0; 0; 0; 0; 0; 0; 0; 0; 0; 
Oscar Resano; GK; 2; 0; 0; 0; 0; 0; 0; 2; 4; 0; 0; 0; 0; 0; 
Samuel Ekeme; D; 6; 0; 0; 0; 1; 3; 0; 5; 2; 2; 0; 0; 0; 0; 0


Team: Pittsburgh Stingers

Kenny Pryor; ; 27; 0; 0; 25; 15; 96; 0; 21; 8; 14; 4; 0; 2; 0; 26
Kia; F; 26; 0; 0; 22; 17; 88; 0; 28; 12; 3; 3; 0; 1; 0; 25
Drago Dumbovic; F; 11; 0; 0; 13; 22; 56; 0; 8; 4; 1; 1; 0; 1; 0; 23.2
Juan Carlos Sanchez; ; 26; 0; 0; 11; 8; 89; 0; 33; 4; 10; 4; 0; 0; 0; 12.4
David Moxom; D; 28; 0; 0; 9; 8; 43; 0; 87; 26; 60; 1; 0; 1; 0; 20.9
Tim Wittman; D,M,F; 23; 0; 0; 9; 7; 64; 0; 23; 15; 12; 3; 1; 1; 0; 14.1
Chris Kelly; ; 25; 0; 0; 6; 2; 36; 0; 34; 20; 11; 1; 0; 1; 0; 16.7
Eric Prex; ; 17; 0; 0; 5; 2; 22; 0; 14; 0; 2; 0; 0; 1; 0; 22.7
Bill Ronson; F,M; 8; 0; 0; 5; 5; 22; 0; 8; 8; 5; 0; 0; 0; 0; 22.7
Bobby Johnston; ; 28; 0; 0; 4; 6; 47; 0; 72; 22; 53; 0; 1; 1; 0; 8.5
Kristoff Arnot; ; 13; 0; 0; 4; 3; 26; 0; 27; 2; 2; 0; 0; 0; 0; 15.4
Marcio Leite; F; 7; 0; 0; 4; 2; 16; 0; 9; 2; 2; 0; 0; 0; 0; 25
Alan Hom; ; 25; 0; 0; 4; 1; 9; 0; 25; 4; 12; 0; 0; 0; 0; 44.4
Franciszek Jarosz; ; 24; 0; 0; 3; 2; 12; 0; 33; 2; 38; 1; 0; 1; 0; 25
Peter Smith; ; 10; 0; 0; 3; 1; 11; 0; 10; 0; 2; 0; 0; 0; 0; 27.3
James Finn; ; 5; 0; 0; 3; 4; 9; 0; 9; 0; 7; 0; 0; 0; 0; 33.3
Jason Davis; ; 11; 0; 0; 3; 4; 15; 0; 10; 0; 13; 0; 0; 0; 0; 20
Marius Modracki; ; 15; 0; 0; 3; 4; 23; 0; 16; 6; 2; 2; 0; 0; 0; 13
Bobby Reyes; ; 14; 0; 0; 2; 0; 12; 0; 8; 2; 4; 0; 0; 0; 0; 16.7
Chris Duke; D; 20; 0; 0; 2; 1; 8; 0; 27; 6; 34; 1; 0; 0; 0; 25
P.J. Johns; GK; 28; 0; 0; 0; 2; 1; 0; 2; 8; 0; 0; 0; 0; 0; 0


Team: Portland Pride

Chris Scotti; ; 28; 0; 0; 39; 25; 97; 0; 48; 8; 10; 2; 0; 2; 0; 40.2
Rob Baarts; ; 28; 0; 0; 37; 22; 168; 0; 16; 4; 25; 7; 0; 1; 0; 22
Jeff Betts; ; 27; 0; 0; 35; 49; 156; 0; 24; 10; 18; 0; 0; 5; 0; 22.4
Jimmy Clarke; ; 27; 0; 0; 23; 20; 137; 0; 30; 2; 14; 8; 0; 0; 0; 16.8
Joey Leonetti; ; 27; 0; 0; 22; 11; 91; 0; 28; 14; 25; 0; 0; 1; 0; 24.2
Oth Ngonethong; ; 27; 0; 0; 17; 6; 74; 0; 20; 12; 40; 7; 1; 0; 0; 23
Jason Boykoff; ; 28; 0; 0; 11; 12; 39; 0; 22; 4; 42; 0; 0; 2; 0; 28.2
Abraham Rubio; ; 25; 0; 0; 9; 9; 68; 0; 31; 6; 6; 0; 0; 0; 0; 13.2
Shannon Murray; ; 28; 0; 0; 7; 6; 25; 0; 16; 2; 26; 0; 0; 0; 0; 28
Garrett Smith; D; 26; 0; 0; 6; 12; 57; 0; 33; 14; 47; 1; 0; 0; 0; 10.5
John Purtteman; ; 27; 0; 0; 6; 4; 30; 0; 42; 20; 77; 0; 0; 0; 0; 20
Roger Gantz; ; 27; 0; 0; 3; 6; 28; 0; 39; 22; 78; 0; 0; 0; 0; 10.7
Steve Piercy; ; 27; 0; 0; 3; 3; 22; 0; 12; 0; 7; 0; 0; 0; 0; 13.6
Scott Blokker; ; 3; 0; 0; 0; 0; 0; 0; 2; 2; 0; 0; 0; 0; 0; 
Jason Lensch; ; 2; 0; 0; 0; 0; 0; 0; 1; 0; 0; 0; 0; 0; 0; 
Bill Sedgewick; D; 4; 0; 0; 0; 0; 0; 0; 7; 0; 3; 0; 0; 0; 0; 
Stuart Dobson; GK; 10; 0; 0; 0; 0; 2; 0; 0; 6; 0; 0; 0; 0; 0; 0
Rob Warnell; GK; 1; 0; 0; 0; 1; 0; 0; 0; 2; 0; 0; 0; 0; 0; 
David Grindle; ; 1; 0; 0; 0; 0; 0; 0; 0; 0; 0; 0; 0; 0; 0; 
Jim Brazeau; GK; 17; 0; 0; 0; 0; 0; 0; 2; 6; 0; 0; 0; 0; 0; 







Team: Sacramento Knights



Jon Parry; ; 23; 0; 0; 40; 25; 158; 0; 33; 22; 13; 6; 0; 5; 0; 25.3
Paul Wright; F; 27; 0; 0; 27; 29; 93; 0; 16; 14; 15; 2; 0; 3; 0; 29
Mark Thomas; ; 25; 0; 0; 27; 19; 93; 0; 40; 0; 17; 8; 0; 4; 0; 29
Danny Pena; D; 25; 0; 0; 19; 20; 97; 0; 25; 22; 58; 8; 0; 0; 0; 19.6
Jeff Alcala; ; 28; 0; 0; 16; 15; 55; 0; 33; 10; 12; 1; 1; 1; 0; 29.1
Iain Fraser; D; 27; 0; 0; 15; 14; 54; 0; 37; 17; 46; 8; 0; 2; 0; 27.8
Gerell Elliott; F; 19; 0; 0; 14; 9; 62; 0; 14; 2; 13; 0; 1; 2; 0; 22.6
Craig Huft; ; 28; 0; 0; 11; 10; 43; 0; 45; 14; 26; 0; 0; 1; 0; 25.6
Marciano Boumann; ; 26; 0; 0; 11; 14; 51; 0; 20; 8; 8; 1; 0; 1; 0; 21.6
Steve Corpening; ; 24; 0; 0; 10; 6; 44; 0; 22; 6; 12; 0; 0; 0; 0; 22.7
Glenn Zeelig; ; 20; 0; 0; 5; 2; 28; 0; 11; 0; 6; 0; 0; 0; 0; 17.9
Paul Hansen; ; 28; 0; 0; 3; 9; 25; 0; 49; 10; 54; 0; 0; 0; 0; 12
John Prow; ; 3; 0; 0; 1; 0; 2; 0; 3; 0; 1; 0; 0; 1; 0; 50
Ricky Villa; ; 22; 0; 0; 1; 4; 9; 0; 11; 2; 39; 0; 0; 0; 0; 11.1
Mario Astorga; GK; 7; 0; 0; 0; 0; 0; 0; 0; 4; 0; 0; 0; 0; 0; 
Kenny Latham; ; 6; 0; 0; 0; 0; 0; 0; 4; 0; 2; 0; 0; 0; 0; 
Martin Sims; ; 6; 0; 0; 0; 0; 2; 0; 1; 0; 4; 0; 0; 0; 0; 0
Mike Dowler; GK; 21; 0; 0; 0; 4; 0; 0; 1; 6; 0; 0; 0; 0; 0; 
Bench; ; 3; 0; 0; 0; 0; 0; 0; 0; 8; 0; 0; 0; 0; 0; 
Eric Harvey; F,D; 15; 0; 0; 0; 1; 4; 0; 6; 6; 19; 0; 0; 0; 0; 0


Team: San Diego Sockers

John Olu-Molomo; ; 25; 0; 0; 42; 10; 143; 0; 45; 2; 6; 8; 0; 2; 1; 29.4
Mark Chung; M; 28; 0; 0; 29; 22; 129; 0; 28; 0; 16; 4; 0; 3; 0; 22.5
Rene Ortiz; D; 20; 0; 0; 17; 15; 123; 0; 26; 10; 25; 0; 0; 2; 1; 13.8
Kevin Legg; ; 27; 0; 0; 15; 9; 55; 0; 26; 10; 14; 1; 0; 1; 1; 27.3
Paul Gelvezon; ; 26; 0; 0; 13; 5; 72; 0; 35; 8; 16; 0; 1; 4; 1; 18.1
Toby Taitano; ; 28; 0; 0; 12; 28; 71; 0; 26; 10; 13; 0; 0; 1; 0; 16.9
Chugger Adair; ; 18; 0; 0; 11; 8; 25; 0; 32; 4; 7; 1; 0; 1; 0; 44
Mike Demko; ; 28; 0; 0; 7; 8; 35; 0; 41; 6; 45; 0; 0; 0; 0; 20
Brian Negrete; ; 28; 0; 0; 6; 13; 72; 0; 31; 8; 52; 1; 0; 0; 0; 8.3
David Beall; ; 26; 0; 0; 6; 5; 29; 0; 15; 2; 6; 0; 0; 1; 0; 20.7
Terry Diego; ; 10; 0; 0; 6; 4; 15; 0; 10; 0; 3; 1; 0; 1; 1; 40
Ray Taila; ; 24; 0; 0; 6; 4; 19; 0; 19; 6; 6; 0; 0; 0; 0; 31.6
Hector Aguilar; ; 16; 0; 0; 5; 3; 22; 0; 14; 6; 10; 0; 0; 0; 0; 22.7
Jason Heth; ; 20; 0; 0; 4; 4; 21; 0; 18; 2; 7; 0; 0; 1; 0; 19
David Banks; D; 27; 0; 0; 4; 5; 40; 0; 27; 14; 50; 0; 0; 0; 0; 10
Doug Barry; ; 6; 0; 0; 2; 1; 8; 0; 3; 0; 2; 0; 0; 0; 0; 25
Phil Salvagio; GK; 3; 0; 0; 0; 1; 0; 0; 0; 0; 0; 0; 0; 0; 0; 
Antonio Cortes; GK; 25; 0; 0; 0; 3; 0; 0; 1; 21; 0; 0; 0; 0; 0; 
Chris George; ; 2; 0; 0; 0; 1; 0; 0; 1; 0; 0; 0; 0; 0; 0; 



Team: San Jose Grizzlies

Preki; M; 24; 0; 0; 51; 38; 211; 0; 27; 12; 4; 3; 1; 2; 0; 24.2
Dragoslav Kostic; ; 26; 0; 0; 37; 18; 84; 0; 20; 10; 8; 9; 0; 2; 0; 44
Bruce Broughton; ; 28; 0; 0; 22; 17; 87; 0; 35; 8; 36; 1; 0; 1; 0; 25.3
Thompson Usiyan; M,F; 11; 0; 0; 18; 16; 62; 0; 12; 4; 0; 3; 0; 2; 0; 29
Steve Marquez; ; 22; 0; 0; 13; 6; 38; 0; 20; 2; 15; 2; 0; 1; 0; 34.2
Jeff Baicher; M; 17; 0; 0; 13; 15; 55; 0; 21; 10; 8; 0; 0; 3; 0; 23.6
Troy Dayak; D; 26; 0; 0; 10; 7; 54; 0; 46; 24; 48; 0; 0; 0; 0; 18.5
Nikola Vignjevic; ; 13; 0; 0; 9; 6; 50; 0; 10; 0; 6; 2; 0; 0; 0; 18
Rich Ryerson; ; 23; 0; 0; 8; 3; 28; 0; 26; 16; 43; 0; 0; 1; 0; 28.6
Carl Adams; ; 28; 0; 0; 8; 4; 55; 0; 37; 10; 45; 2; 0; 1; 0; 14.5
Richard Haase; ; 27; 0; 0; 7; 12; 35; 0; 19; 2; 19; 0; 0; 1; 0; 20
Bernie Lilavois; F; 7; 0; 0; 3; 4; 12; 0; 6; 0; 0; 0; 0; 0; 0; 25
Rhett Harty; D; 7; 0; 0; 2; 1; 12; 0; 17; 4; 6; 0; 0; 1; 0; 16.7
Chris Afarian; ; 12; 0; 0; 2; 2; 9; 0; 2; 0; 6; 0; 0; 0; 0; 22.2
Larry Muniz; ; 14; 0; 0; 1; 1; 6; 0; 8; 2; 3; 0; 0; 0; 0; 16.7
James Woolridge; ; 25; 0; 0; 1; 2; 7; 0; 12; 4; 13; 0; 0; 0; 0; 14.3
Steve Robertson; ; 25; 0; 0; 1; 3; 20; 0; 23; 6; 50; 0; 0; 0; 0; 5
Chad Dowling; ; 2; 0; 0; 0; 0; 0; 0; 1; 2; 0; 0; 0; 0; 0; 
Francois Van Der Elst; F; 10; 0; 0; 0; 1; 3; 0; 18; 6; 7; 0; 0; 0; 0; 0
Dan Madsen; ; 27; 0; 0; 0; 4; 1; 0; 5; 8; 0; 0; 0; 0; 0; 0
Louie Mata; ; 2; 0; 0; 0; 0; 0; 0; 0; 0; 0; 0; 0; 0; 0; 
Craig Hampton; ; 8; 0; 0; 0; 3; 1; 0; 4; 2; 4; 0; 0; 0; 0; 0


Team: Seattle SeaDogs

Jean Harbor; F; 26; 0; 0; 40; 18; 180; 0; 55; 20; 7; 4; 1; 2; 0; 22.2
Michael Collins; D,M; 27; 0; 0; 24; 39; 109; 0; 28; 15; 23; 6; 0; 3; 0; 22
Marcelo Fontana; M,F; 28; 0; 0; 20; 12; 78; 0; 61; 12; 18; 0; 0; 1; 0; 25.6
Vasco Rubio; ; 19; 0; 0; 14; 2; 46; 0; 18; 0; 3; 0; 0; 1; 0; 30.4
Dion Earl; ; 28; 0; 0; 13; 11; 68; 0; 36; 6; 7; 1; 0; 1; 0; 19.1
Camilo Casal; ; 26; 0; 0; 10; 4; 71; 0; 55; 20; 15; 1; 0; 1; 0; 14.1
Glenn Howell; ; 19; 0; 0; 9; 3; 34; 0; 29; 4; 6; 0; 0; 0; 0; 26.5
Tim Babcock; ; 25; 0; 0; 7; 1; 27; 0; 20; 6; 19; 0; 0; 0; 0; 25.9
Leonel Pernia; M; 23; 0; 0; 7; 7; 42; 0; 63; 12; 26; 2; 1; 0; 0; 16.7
Ralph Black; D,M,F; 15; 0; 0; 6; 11; 29; 0; 14; 8; 22; 0; 0; 0; 0; 20.7
Tim Bartro; F; 16; 0; 0; 6; 13; 46; 0; 19; 6; 13; 1; 0; 1; 0; 13
Randy Karr; ; 20; 0; 0; 4; 4; 40; 0; 13; 4; 6; 0; 0; 0; 0; 10
Marcos Palladini; ; 11; 0; 0; 4; 2; 19; 0; 25; 14; 0; 0; 0; 0; 0; 21.1
Brian Schmetzer; D,M; 9; 0; 0; 3; 2; 19; 0; 21; 4; 11; 0; 1; 0; 0; 15.8
Derek Crothers; ; 6; 0; 0; 2; 1; 18; 0; 7; 2; 1; 0; 0; 1; 0; 11.1
David Mattson; ; 13; 0; 0; 2; 2; 6; 0; 16; 0; 11; 0; 1; 0; 0; 33.3
Todd Woodhouse; ; 16; 0; 0; 2; 5; 19; 0; 28; 4; 18; 0; 0; 0; 0; 10.5
Bench; ; 4; 0; 0; 1; 0; 0; 0; 0; 6; 0; 0; 0; 1; 0; 
Brad Owens; ; 17; 0; 0; 1; 0; 8; 0; 6; 0; 15; 0; 0; 0; 0; 12.5
David Gagner; GK; 5; 0; 0; 0; 1; 0; 0; 0; 0; 0; 0; 0; 0; 0; 
Seth Spidahl; ; 3; 0; 0; 0; 0; 1; 0; 3; 2; 0; 0; 0; 0; 0; 0
Rick Blubaugh; D; 6; 0; 0; 0; 1; 3; 0; 16; 8; 6; 0; 0; 0; 0; 0
Stefan Ritter; ; 8; 0; 0; 0; 1; 6; 0; 18; 4; 19; 0; 0; 0; 0; 0
Michael Perrin; GK; 9; 0; 0; 0; 2; 2; 0; 2; 4; 0; 0; 0; 0; 0; 0
Nat Gonzalez; GK; 15; 0; 0; 0; 0; 0; 0; 4; 2; 0; 0; 0; 0; 0; 


Team: Washington Warthogs

Dante Washington; F; 27; 0; 0; 39; 21; 141; 0; 48; 12; 12; 8; 2; 6; 0; 27.7
Eric McClellan; ; 28; 0; 0; 34; 20; 139; 0; 17; 10; 34; 2; 1; 0; 0; 24.5
Denison Cabral; F; 26; 0; 0; 29; 23; 158; 0; 41; 22; 5; 5; 0; 2; 0; 18.4
Marcelo Valencia; ; 26; 0; 0; 20; 17; 89; 0; 23; 2; 17; 3; 0; 0; 0; 22.5
Joe Koziol; M; 26; 0; 0; 15; 18; 64; 0; 36; 24; 50; 0; 0; 0; 0; 23.4
Rogerio; ; 27; 0; 0; 12; 6; 33; 0; 21; 10; 7; 0; 0; 1; 0; 36.4
Todd Haskins; ; 27; 0; 0; 12; 6; 46; 0; 42; 10; 20; 0; 0; 1; 0; 26.1
Malcolm Gilliam; ; 27; 0; 0; 8; 4; 36; 0; 19; 4; 3; 0; 0; 1; 0; 22.2
Phillip Gyau; ; 28; 0; 0; 8; 8; 39; 0; 7; 4; 23; 0; 0; 1; 0; 20.5
Eddie Radwanski; M; 10; 0; 0; 3; 2; 19; 0; 15; 2; 5; 0; 0; 0; 0; 15.8
Troy Snyder; D; 26; 0; 0; 2; 15; 30; 0; 40; 20; 66; 0; 0; 0; 0; 6.7
Rob Ryerson; F; 16; 0; 0; 2; 5; 10; 0; 7; 4; 23; 1; 0; 0; 0; 20
Ronald Simmons; ; 19; 0; 0; 2; 4; 10; 0; 19; 2; 18; 0; 0; 0; 0; 20
Bojidar Iskrenrov; ; 4; 0; 0; 1; 1; 1; 0; 3; 0; 0; 0; 0; 0; 0; 100
Bench; ; 2; 0; 0; 1; 0; 1; 0; 0; 2; 0; 0; 0; 1; 0; 100
Irad Young; ; 14; 0; 0; 1; 1; 6; 0; 9; 2; 4; 0; 0; 0; 0; 16.7
Kristine Lilly; ; 6; 0; 0; 0; 0; 2; 0; 1; 0; 2; 0; 0; 0; 0; 0
Jr. Armstrong; ; 2; 0; 0; 0; 0; 1; 0; 1; 0; 0; 0; 0; 0; 0; 0
Mike Sloniewsky; ; 2; 0; 0; 0; 0; 0; 0; 0; 0; 1; 0; 0; 0; 0; 
Carlos Valerio; ; 7; 0; 0; 0; 1; 1; 0; 2; 2; 0; 0; 0; 0; 0; 0
David Tenney; GK; 18; 0; 0; 0; 2; 1; 0; 0; 2; 0; 0; 0; 0; 0; 0
Mario Alegria; ; 7; 0; 0; 0; 3; 9; 0; 8; 4; 9; 0; 0; 0; 0; 0
Desmond Armstrong; D; 1; 0; 0; 0; 0; 0; 0; 1; 0; 1; 0; 0; 0; 0; 
Shawn Ray; GK; 10; 0; 0; 0; 1; 1; 0; 3; 14; 1; 0; 0; 0; 0; 0




Season: 1996

Team: Anaheim Splash

Dale Ervine; D,M/F,F; 26; 0; 0; 45; 24; 181; 0; 52; 16; 6; 2; 0; 7; 1; 24.9
Bernie Lilavois; F; 26; 0; 0; 25; 17; 75; 0; 33; 8; 13; 2; 0; 2; 0; 33.3
Danny Barber; M; 28; 0; 0; 21; 30; 117; 0; 29; 6; 15; 2; 0; 2; 0; 17.9
Sam George; M; 25; 0; 0; 19; 7; 60; 0; 22; 8; 16; 1; 0; 0; 0; 31.7
Paul Agyeman; ; 27; 0; 0; 15; 16; 55; 0; 21; 10; 18; 1; 0; 0; 0; 27.3
Doug Neeley; D; 26; 0; 0; 15; 9; 71; 0; 26; 14; 43; 1; 0; 1; 0; 21.1
Paul Mcdonnell; ; 28; 0; 0; 8; 12; 54; 0; 38; 20; 27; 1; 0; 1; 0; 14.8
Mike Lynch; ; 20; 0; 0; 5; 3; 22; 0; 21; 8; 10; 0; 0; 0; 0; 22.7
P.J. Polowski; ; 24; 0; 0; 4; 5; 22; 0; 11; 2; 3; 0; 0; 0; 0; 18.2
Ricky Rodriguez; ; 28; 0; 0; 4; 5; 21; 0; 24; 4; 25; 0; 0; 0; 0; 19
Andy Strouse; ; 6; 0; 0; 3; 2; 7; 0; 7; 0; 1; 0; 0; 1; 1; 42.9
John O'Brien; ; 28; 0; 0; 3; 8; 40; 0; 34; 18; 54; 0; 0; 0; 0; 7.5
Oliver Wyss; ; 7; 0; 0; 2; 0; 3; 0; 2; 0; 1; 0; 0; 0; 0; 66.7
Ken Hesse; F; 20; 0; 0; 2; 1; 11; 0; 11; 2; 15; 0; 0; 0; 0; 18.2
Ruben Fernandez; GK; 28; 0; 0; 0; 0; 0; 0; 2; 16; 0; 0; 0; 0; 0; 
Armando Valdivia; M; 6; 0; 0; 0; 0; 1; 0; 7; 0; 0; 0; 0; 0; 0; 0
Antonio Farace; ; 14; 0; 0; 0; 1; 5; 0; 5; 0; 1; 0; 0; 0; 0; 0
Matthew Davis; ; 1; 0; 0; 0; 0; 0; 0; 0; 0; 0; 0; 0; 0; 0; 


Team: Dallas Sidekicks

David Doyle; M; 28; 0; 0; 47; 25; 197; 0; 47; 26; 43; 9; 1; 2; 0; 23.9
Tatu; F,D; 24; 0; 0; 45; 44; 178; 0; 32; 4; 12; 5; 0; 3; 0; 25.3
Rusty Troy; F; 27; 0; 0; 20; 18; 91; 0; 23; 25; 58; 8; 0; 1; 0; 22
Nick Stavrou; M; 28; 0; 0; 19; 15; 115; 0; 28; 10; 21; 1; 0; 3; 0; 16.5
Terry Woodberry; M,F; 26; 0; 0; 17; 16; 82; 0; 35; 4; 21; 1; 0; 1; 0; 20.7
Dave Reichart; ; 26; 0; 0; 16; 10; 64; 0; 27; 12; 32; 1; 2; 2; 1; 25
Curtis Partain; ; 27; 0; 0; 10; 5; 39; 0; 22; 6; 10; 0; 0; 1; 0; 25.6
Kevin Smith; M; 23; 0; 0; 8; 30; 42; 0; 13; 2; 16; 1; 0; 0; 0; 19
Patrick Shamu; M; 22; 0; 0; 7; 1; 19; 0; 19; 6; 16; 1; 0; 1; 0; 36.8
Eric Dade; D; 27; 0; 0; 7; 6; 48; 0; 46; 16; 47; 0; 0; 1; 0; 14.6
David Hudgell; ; 26; 0; 0; 5; 3; 35; 0; 50; 10; 37; 0; 0; 1; 0; 14.3
Mike Powers; M,D; 18; 0; 0; 5; 2; 17; 0; 42; 2; 53; 0; 0; 0; 0; 29.4
Frank Filo; ; 27; 0; 0; 3; 3; 18; 0; 14; 2; 28; 0; 0; 0; 0; 16.7
Charles Ordonho; ; 13; 0; 0; 2; 1; 6; 0; 4; 0; 2; 0; 0; 0; 0; 33.3
Chris Ring; ; 6; 0; 0; 1; 0; 1; 0; 1; 0; 2; 0; 0; 0; 0; 100
Chuck Martini; GK; 6; 0; 0; 0; 0; 0; 0; 1; 4; 0; 0; 0; 0; 0; 
Dan De Oliveira; ; 5; 0; 0; 0; 0; 0; 0; 1; 0; 1; 0; 0; 0; 0; 
Scott Crawford; ; 7; 0; 0; 0; 0; 0; 0; 1; 0; 1; 0; 0; 0; 0; 
Shawn Ray; GK; 15; 0; 0; 0; 5; 0; 0; 0; 2; 0; 0; 0; 0; 0; 
Curtis McAlister; GK; 2; 0; 0; 0; 0; 0; 0; 0; 0; 0; 0; 0; 0; 0; 
Hank Henry; GK; 5; 0; 0; 0; 1; 1; 0; 0; 0; 0; 0; 0; 0; 0; 0
Chris Hayden; ; 2; 0; 0; 0; 0; 2; 0; 1; 0; 0; 0; 0; 0; 0; 0



Team: Detroit Neon

Andy Chapman; F; 28; 0; 0; 31; 20; 138; 0; 31; 14; 13; 4; 0; 0; 0; 22.5
Greg Matlak; ; 26; 0; 0; 29; 12; 146; 0; 27; 6; 22; 6; 0; 4; 1; 19.9
Ken Snow; ; 23; 0; 0; 25; 11; 91; 0; 23; 10; 8; 3; 0; 2; 0; 27.5
Joel Shanker; F; 26; 0; 0; 24; 4; 71; 0; 38; 8; 17; 1; 0; 3; 0; 33.8
Drago Dumbovic; F; 19; 0; 0; 13; 29; 96; 0; 23; 4; 9; 0; 0; 1; 0; 13.5
Tim Wittman; D,M,F; 24; 0; 0; 12; 13; 68; 0; 16; 8; 20; 2; 0; 1; 1; 17.6
Kevin Legg; ; 24; 0; 0; 9; 5; 37; 0; 25; 2; 16; 0; 0; 1; 0; 24.3
Ian Farebrother; D; 28; 0; 0; 9; 19; 103; 0; 77; 27; 42; 3; 0; 0; 0; 8.7
Eric Prex; ; 24; 0; 0; 8; 2; 19; 0; 14; 2; 3; 0; 0; 0; 0; 42.1
Jay White; ; 27; 0; 0; 4; 8; 33; 0; 72; 19; 59; 0; 0; 0; 0; 12.1
Jason Davis; ; 27; 0; 0; 3; 2; 15; 0; 31; 14; 34; 0; 0; 1; 1; 20
Edward Child; ; 17; 0; 0; 3; 1; 9; 0; 7; 2; 1; 0; 0; 0; 0; 33.3
Martin Chester; ; 19; 0; 0; 2; 2; 24; 0; 16; 2; 2; 0; 0; 0; 0; 8.3
P.J. Johns; GK; 13; 0; 0; 1; 1; 3; 0; 6; 4; 0; 0; 0; 0; 0; 33.3
Andy Wagstaff; ; 12; 0; 0; 0; 0; 2; 0; 4; 0; 2; 0; 0; 0; 0; 0
Chris Whyte; D; 4; 0; 0; 0; 0; 1; 0; 4; 2; 7; 0; 0; 0; 0; 0
Nick Bogdan; ; 5; 0; 0; 0; 0; 3; 0; 9; 0; 2; 0; 0; 0; 0; 0
Earl Parris; ; 22; 0; 0; 0; 5; 21; 0; 30; 13; 25; 0; 0; 0; 0; 0
Chad Schomaker; ; 3; 0; 0; 0; 0; 0; 0; 1; 0; 0; 0; 0; 0; 0; 
Yaro Dachniwsky; GK; 18; 0; 0; 0; 1; 1; 0; 2; 4; 0; 0; 0; 0; 0; 0



Team: Houston Hotshots

Paul Dougherty; F; 27; 0; 0; 36; 34; 168; 0; 23; 25; 26; 6; 0; 2; 1; 21.4
Giampaulo Pedroso; ; 26; 0; 0; 32; 18; 99; 0; 46; 21; 4; 6; 0; 2; 0; 32.3
Nebo Bandovic; F; 27; 0; 0; 31; 23; 130; 0; 57; 6; 7; 5; 0; 4; 1; 23.8
Ziad Allan; ; 18; 0; 0; 19; 26; 54; 0; 12; 2; 9; 2; 0; 3; 0; 35.2
Damien Harley; ; 27; 0; 0; 13; 4; 60; 0; 40; 14; 58; 0; 0; 0; 0; 21.7
Arturo Castelan; ; 28; 0; 0; 11; 6; 51; 0; 32; 13; 27; 1; 0; 0; 0; 21.6
Mike Britton; ; 28; 0; 0; 11; 7; 61; 0; 27; 6; 24; 0; 0; 3; 0; 18
Shawn Blakeman; ; 20; 0; 0; 11; 7; 63; 0; 43; 24; 9; 2; 0; 2; 0; 17.5
Beto; M; 28; 0; 0; 8; 17; 35; 0; 31; 8; 46; 0; 0; 1; 0; 22.9
Gary Young; ; 23; 0; 0; 6; 2; 38; 0; 26; 6; 23; 0; 0; 1; 0; 15.8
Diego L. Maradona; ; 14; 0; 0; 2; 5; 16; 0; 9; 2; 3; 0; 0; 0; 0; 12.5
Martin Tierney; ; 19; 0; 0; 2; 6; 12; 0; 14; 0; 1; 0; 0; 0; 0; 16.7
Nassim Olabi; D; 22; 0; 0; 2; 0; 17; 0; 8; 2; 10; 0; 0; 0; 0; 11.8
Djoko Mrkaic; ; 28; 0; 0; 2; 7; 52; 0; 58; 10; 26; 0; 0; 0; 0; 3.8
Horacio Leone; ; 1; 0; 0; 0; 0; 4; 0; 1; 0; 1; 0; 0; 0; 0; 0
Mark McKay; ; 2; 0; 0; 0; 1; 0; 0; 0; 0; 0; 0; 0; 0; 0; 
Terry Waldorf; GK; 28; 0; 0; 0; 5; 1; 0; 2; 4; 1; 0; 0; 0; 0; 0
Olivier Finidori; ; 6; 0; 0; 0; 0; 2; 0; 5; 2; 1; 0; 0; 0; 0; 0
Tony Gasperetto; ; 9; 0; 0; 0; 2; 11; 0; 15; 6; 3; 0; 0; 0; 0; 0



Team: Monterrey La Raza

Zizinho; F; 20; 0; 0; 34; 13; 137; 0; 22; 10; 5; 6; 0; 3; 0; 24.8
Genoni Martinez; D; 28; 0; 0; 24; 24; 163; 0; 29; 10; 32; 8; 0; 2; 0; 14.7
Marco Lopez; F; 28; 0; 0; 23; 36; 136; 0; 41; 6; 21; 2; 0; 3; 1; 16.9
Octavio Perez; M; 17; 0; 0; 20; 11; 58; 0; 22; 0; 6; 5; 0; 2; 0; 34.5
Marco Coria; G,D; 28; 0; 0; 18; 16; 86; 0; 46; 8; 10; 6; 0; 2; 1; 20.9
Samuel Jeronimo; ; 27; 0; 0; 15; 10; 57; 0; 33; 6; 11; 1; 0; 2; 0; 26.3
Jaime Flores; ; 27; 0; 0; 15; 9; 77; 0; 23; 2; 17; 0; 0; 1; 0; 19.5
Alejandro Cardenas; D; 28; 0; 0; 13; 18; 138; 0; 45; 16; 44; 2; 0; 1; 0; 9.4
David Pereyra; F; 14; 0; 0; 10; 4; 23; 0; 35; 8; 6; 0; 0; 1; 0; 43.5
Francisco De La Garza; ; 24; 0; 0; 8; 2; 33; 0; 24; 2; 7; 0; 0; 0; 0; 24.2
Andrey Lopes; ; 22; 0; 0; 4; 3; 53; 0; 33; 10; 21; 0; 0; 0; 0; 7.5
Humberto Dominguez; ; 11; 0; 0; 4; 2; 26; 0; 11; 2; 2; 0; 0; 0; 0; 15.4
Sergio Gonzalez; ; 27; 0; 0; 3; 7; 28; 0; 44; 4; 35; 0; 0; 0; 0; 10.7
Rodolfo De Las Fuentes; ; 21; 0; 0; 2; 4; 20; 0; 17; 0; 5; 0; 0; 0; 0; 10
Andrey Decastro; ; 4; 0; 0; 1; 0; 5; 0; 5; 0; 3; 0; 0; 1; 0; 20
David Ramirez; ; 9; 0; 0; 1; 0; 5; 0; 2; 2; 2; 0; 0; 0; 0; 20
Jaime Cantu; ; 14; 0; 0; 1; 5; 12; 0; 15; 2; 22; 0; 0; 0; 0; 8.3
Oscar Resano; GK; 7; 0; 0; 0; 0; 0; 0; 0; 2; 0; 0; 0; 0; 0; 
Fernando Marmolejo; ; 2; 0; 0; 0; 0; 0; 0; 0; 0; 2; 0; 0; 0; 0; 
Diego Terry; ; 2; 0; 0; 0; 0; 2; 0; 0; 2; 1; 0; 0; 0; 0; 0
Raul Salas; GK; 21; 0; 0; 0; 3; 1; 0; 1; 4; 0; 0; 0; 0; 0; 0
Juan Jose Craniotis; ; 1; 0; 0; 0; 0; 0; 0; 4; 0; 1; 0; 0; 0; 0; 
Guillermo Munoz; ; 1; 0; 0; 0; 1; 1; 0; 1; 0; 0; 0; 0; 0; 0; 0
Hector Beccera; ; 7; 0; 0; 0; 0; 5; 0; 0; 0; 0; 0; 0; 0; 0; 0


Team: Portland Pride

Chris Scotti; ; 28; 0; 0; 35; 17; 111; 0; 36; 4; 6; 9; 0; 2; 0; 31.5
Jeff Betts; ; 27; 0; 0; 24; 24; 129; 0; 27; 23; 20; 3; 0; 3; 0; 18.6
Jimmy Clarke; ; 27; 0; 0; 21; 9; 116; 0; 15; 2; 15; 2; 0; 0; 0; 18.1
Rob Baarts; ; 28; 0; 0; 19; 22; 130; 0; 14; 2; 19; 5; 0; 1; 0; 14.6
Dragoslav Kostic; ; 19; 0; 0; 10; 7; 45; 0; 14; 2; 5; 0; 0; 0; 0; 22.2
Abraham Rubio; ; 21; 0; 0; 10; 6; 39; 0; 25; 6; 5; 0; 0; 2; 0; 25.6
Brian Negrete; ; 28; 0; 0; 7; 4; 38; 0; 45; 10; 55; 0; 0; 0; 0; 18.4
Ralph Black; D,M,F; 25; 0; 0; 7; 24; 51; 0; 30; 12; 52; 2; 0; 0; 0; 13.7
Oth Ngonethong; ; 28; 0; 0; 5; 4; 33; 0; 20; 8; 27; 0; 0; 0; 0; 15.2
Steve Piercy; ; 23; 0; 0; 4; 4; 39; 0; 12; 2; 8; 0; 0; 2; 0; 10.3
Jason Boykoff; ; 26; 0; 0; 4; 4; 32; 0; 16; 6; 20; 0; 0; 0; 0; 12.5
Doug Wolvert; ; 8; 0; 0; 4; 3; 9; 0; 14; 2; 0; 0; 0; 0; 0; 44.4
Roger Gantz; ; 24; 0; 0; 3; 5; 13; 0; 34; 10; 20; 0; 0; 0; 0; 23.1
Dan Packer; ; 26; 0; 0; 2; 4; 27; 0; 24; 10; 21; 0; 0; 0; 0; 7.4
Jason Lensch; ; 4; 0; 0; 1; 1; 2; 0; 2; 0; 0; 0; 0; 0; 0; 50
Rob Warnell; GK; 21; 0; 0; 0; 0; 2; 0; 4; 8; 0; 0; 0; 0; 0; 0
Rob Nichols; ; 9; 0; 0; 0; 0; 9; 0; 5; 0; 4; 0; 0; 0; 0; 0
Scott Sagar; ; 11; 0; 0; 0; 0; 9; 0; 10; 9; 10; 0; 0; 0; 0; 0
Jim Brazeau; GK; 7; 0; 0; 0; 1; 1; 0; 0; 2; 0; 0; 0; 0; 0; 0
Jarkko Tuominen; ; 1; 0; 0; 0; 0; 0; 0; 1; 0; 1; 0; 0; 0; 0; 




Team: Sacramento Knights

Jon Parry; ; 26; 0; 0; 37; 18; 165; 0; 40; 18; 13; 2; 0; 1; 0; 22.4
Jeff Alcala; ; 26; 0; 0; 19; 10; 72; 0; 15; 7; 8; 2; 0; 4; 1; 26.4
Danny Pena; D; 23; 0; 0; 15; 11; 76; 0; 28; 23; 47; 1; 0; 1; 0; 19.7
Mark Thomas; ; 16; 0; 0; 13; 13; 59; 0; 27; 4; 11; 1; 0; 1; 0; 22
Michael Collins; D,M; 28; 0; 0; 11; 24; 62; 0; 25; 6; 29; 1; 0; 2; 0; 17.7
Joey Kirk; F; 12; 0; 0; 10; 9; 31; 0; 12; 10; 3; 2; 0; 2; 0; 32.3
Carlos Bordinhao; F; 25; 0; 0; 9; 9; 54; 0; 36; 4; 15; 1; 0; 1; 0; 16.7
Kia; F; 10; 0; 0; 7; 1; 24; 0; 11; 0; 2; 0; 0; 0; 0; 29.2
Paul Gelvezon; ; 20; 0; 0; 5; 3; 25; 0; 28; 4; 8; 1; 0; 0; 0; 20
Carl Adams; ; 19; 0; 0; 4; 2; 31; 0; 18; 4; 20; 1; 0; 1; 1; 12.9
Paul Hansen; ; 28; 0; 0; 3; 9; 33; 0; 61; 8; 37; 0; 0; 0; 0; 9.1
John Prow; ; 24; 0; 0; 3; 1; 27; 0; 26; 0; 38; 0; 0; 0; 0; 11.1
Kevin Sloan; M; 5; 0; 0; 3; 1; 20; 0; 7; 0; 0; 0; 0; 0; 0; 15
Craig Huft; ; 22; 0; 0; 2; 3; 21; 0; 17; 2; 15; 0; 0; 1; 0; 9.5
Martin Sims; ; 11; 0; 0; 1; 1; 8; 0; 3; 2; 3; 0; 0; 0; 0; 12.5
Ricky Villa; ; 26; 0; 0; 1; 8; 17; 0; 20; 4; 24; 0; 0; 0; 0; 5.9
Eric Harvey; F,D; 17; 0; 0; 0; 0; 4; 0; 13; 2; 4; 0; 0; 0; 0; 0
Edmundo Rodriguez; M; 2; 0; 0; 0; 0; 3; 0; 5; 0; 1; 0; 0; 0; 0; 0
Randy Soderman; D; 13; 0; 0; 0; 0; 17; 0; 14; 8; 10; 0; 0; 0; 0; 0
Dan Madsen; ; 21; 0; 0; 0; 6; 0; 0; 0; 6; 0; 0; 0; 0; 0; 
Mike Dowler; GK; 7; 0; 0; 0; 0; 0; 0; 1; 6; 0; 0; 0; 0; 0; 
Shane Hickson; ; 5; 0; 0; 0; 1; 10; 0; 7; 0; 3; 0; 0; 0; 0; 0
Rick Soderman; ; 5; 0; 0; 0; 1; 5; 0; 2; 2; 1; 0; 0; 0; 0; 0



Team: San Diego Sockers

Carlos Farias; M; 27; 0; 0; 28; 18; 132; 0; 53; 16; 4; 8; 0; 2; 1; 21.2
Braeden Cloutier; M; 28; 0; 0; 27; 21; 125; 0; 24; 4; 7; 2; 0; 2; 0; 21.6
Ryan Tinsley; D; 23; 0; 0; 22; 5; 72; 0; 39; 13; 9; 1; 0; 1; 0; 30.6
Moises Garduno; ; 27; 0; 0; 17; 19; 85; 0; 23; 16; 14; 2; 0; 1; 1; 20
Chris George; ; 27; 0; 0; 11; 5; 31; 0; 22; 4; 18; 1; 0; 2; 1; 35.5
John Olu-Molomo; ; 11; 0; 0; 10; 7; 54; 0; 15; 2; 2; 0; 0; 1; 0; 18.5
Laszlo Komodi; ; 19; 0; 0; 8; 12; 58; 0; 25; 4; 9; 2; 0; 1; 1; 13.8
Ed Wilgenburg; ; 24; 0; 0; 7; 3; 31; 0; 14; 2; 17; 0; 0; 1; 0; 22.6
Tom Crane; ; 28; 0; 0; 6; 11; 44; 0; 26; 8; 20; 2; 0; 1; 0; 13.6
Keder; F,M/F; 9; 0; 0; 6; 2; 36; 0; 10; 6; 0; 3; 0; 1; 0; 16.7
Diego Terry; ; 8; 0; 0; 6; 1; 14; 0; 4; 2; 0; 0; 0; 1; 0; 42.9
Thor Lee; D; 28; 0; 0; 5; 8; 45; 0; 30; 8; 30; 0; 0; 0; 0; 11.1
Hector Aguilar; ; 11; 0; 0; 2; 1; 8; 0; 8; 2; 1; 0; 0; 1; 0; 25
Kevin Crow; D; 20; 0; 0; 2; 4; 11; 0; 9; 0; 33; 1; 0; 0; 0; 18.2
Ray Taila; ; 11; 0; 0; 2; 3; 17; 0; 7; 2; 2; 0; 0; 1; 1; 11.8
David Banks; D; 27; 0; 0; 2; 6; 35; 0; 25; 12; 46; 0; 0; 0; 0; 5.7
Antonio Cortes; GK; 24; 0; 0; 0; 0; 0; 0; 2; 10; 0; 0; 0; 0; 0; 
Gus Castaneda; ; 2; 0; 0; 0; 0; 2; 0; 2; 2; 3; 0; 0; 0; 0; 0
Phil Salvagio; GK; 5; 0; 0; 0; 1; 0; 0; 2; 2; 1; 0; 0; 0; 0; 
Rachid Kanoun; ; 2; 0; 0; 0; 0; 0; 0; 0; 0; 1; 0; 0; 0; 0; 
Jason Heth; ; 2; 0; 0; 0; 0; 2; 0; 5; 2; 1; 0; 0; 0; 0; 0



Team: Seattle SeaDogs

Ben Erickson; ; 28; 0; 0; 22; 12; 90; 0; 42; 14; 9; 8; 0; 2; 0; 24.4
John Olu-Molomo; ; 12; 0; 0; 17; 8; 54; 0; 8; 4; 1; 2; 0; 1; 1; 31.5
Bruce Broughton; ; 28; 0; 0; 17; 8; 81; 0; 25; 8; 13; 3; 0; 0; 0; 21
Leonel Pernia; M; 28; 0; 0; 13; 10; 96; 0; 64; 10; 33; 2; 0; 4; 0; 13.5
Marcelo Fontana; M,F; 21; 0; 0; 10; 7; 57; 0; 38; 6; 15; 0; 0; 0; 0; 17.5
Mirko Castillo; F; 8; 0; 0; 9; 3; 41; 0; 10; 4; 3; 0; 0; 0; 0; 22
Shannon Murray; ; 27; 0; 0; 8; 6; 39; 0; 11; 0; 26; 0; 0; 1; 0; 20.5
Dion Earl; ; 18; 0; 0; 8; 6; 56; 0; 20; 6; 11; 2; 0; 0; 0; 14.3
Toby Taitano; ; 20; 0; 0; 8; 11; 57; 0; 14; 0; 13; 3; 0; 1; 0; 14
Tim Bartro; F; 21; 0; 0; 7; 14; 46; 0; 22; 8; 13; 0; 0; 0; 0; 15.2
Juvenal Dos Santos; ; 11; 0; 0; 5; 1; 13; 0; 14; 4; 1; 0; 0; 1; 0; 38.5
David Mattson; ; 23; 0; 0; 4; 1; 14; 0; 24; 12; 23; 1; 0; 0; 0; 28.6
Gaston Pernia; D; 24; 0; 0; 2; 2; 26; 0; 55; 19; 28; 0; 0; 0; 0; 7.7
Tim Babcock; ; 11; 0; 0; 2; 0; 4; 0; 6; 6; 7; 0; 0; 0; 0; 50
Glenn Howell; ; 3; 0; 0; 2; 1; 4; 0; 4; 0; 3; 0; 0; 0; 0; 50
Todd Woodhouse; ; 7; 0; 0; 2; 0; 9; 0; 8; 10; 7; 0; 0; 0; 0; 22.2
Armando Valdivia; M; 7; 0; 0; 2; 2; 14; 0; 6; 2; 0; 0; 0; 0; 0; 14.3
Derek Crothers; ; 7; 0; 0; 1; 2; 13; 0; 10; 6; 3; 0; 0; 0; 0; 7.7
Todd Stauber; ; 7; 0; 0; 1; 2; 6; 0; 8; 0; 4; 0; 0; 0; 0; 16.7
Camilo Casal; ; 15; 0; 0; 1; 2; 18; 0; 27; 8; 19; 0; 0; 0; 0; 5.6
John Hamel; M; 10; 0; 0; 1; 3; 6; 0; 9; 4; 5; 0; 0; 0; 0; 16.7
John Purtteman; ; 27; 0; 0; 1; 2; 33; 0; 45; 16; 42; 0; 0; 0; 0; 3
Nat Gonzalez; GK; 13; 0; 0; 0; 1; 0; 0; 2; 4; 0; 0; 0; 0; 0; 
Seth Spidahl; ; 1; 0; 0; 0; 0; 0; 0; 0; 0; 1; 0; 0; 0; 0; 
Juan De La O; GK; 15; 0; 0; 0; 3; 1; 0; 2; 2; 0; 0; 0; 0; 0; 0



Team: Washington Warthogs

Eric McClellan; ; 28; 0; 0; 34; 19; 126; 0; 18; 0; 18; 1; 0; 2; 2; 27
Tarik Walker; F; 28; 0; 0; 26; 17; 98; 0; 32; 4; 9; 5; 0; 4; 0; 26.5
Denison Cabral; F; 24; 0; 0; 23; 16; 100; 0; 34; 22; 13; 2; 0; 1; 0; 23
Bill Ronson; F,M; 24; 0; 0; 14; 9; 74; 0; 16; 12; 6; 2; 0; 3; 0; 18.9
Jim Gabarra; F; 27; 0; 0; 13; 14; 75; 0; 29; 8; 11; 1; 0; 0; 0; 17.3
Marcelo Valencia; ; 28; 0; 0; 10; 16; 71; 0; 25; 8; 11; 2; 0; 0; 0; 14.1
Derrick Marcano; ; 28; 0; 0; 8; 4; 46; 0; 39; 20; 29; 1; 0; 1; 0; 17.4
Joe Koziol; M; 17; 0; 0; 7; 2; 25; 0; 20; 8; 25; 2; 0; 1; 0; 28
Troy Snyder; D; 27; 0; 0; 6; 7; 27; 0; 36; 14; 74; 0; 0; 0; 0; 22.2
Tamir Linhart; ; 12; 0; 0; 4; 2; 18; 0; 15; 0; 1; 0; 0; 0; 0; 22.2
Doug Smith; ; 20; 0; 0; 3; 1; 34; 0; 21; 6; 15; 0; 0; 0; 0; 8.8
Bobby Johnston; ; 26; 0; 0; 2; 2; 28; 0; 38; 18; 35; 0; 0; 0; 0; 7.1
Bill Harte; M; 23; 0; 0; 1; 8; 17; 0; 12; 6; 17; 0; 0; 1; 1; 5.9
Mike Sloniewsky; ; 12; 0; 0; 0; 0; 2; 0; 4; 0; 10; 0; 0; 0; 0; 0
Jaime Valencia; ; 6; 0; 0; 0; 0; 2; 0; 5; 2; 1; 0; 0; 0; 0; 0
David Tenney; GK; 5; 0; 0; 0; 0; 0; 0; 0; 0; 0; 0; 0; 0; 0; 
Daniel Donigan; F; 3; 0; 0; 0; 0; 3; 0; 3; 0; 2; 0; 0; 0; 0; 0
Malcolm Gilliam; ; 15; 0; 0; 0; 2; 4; 0; 9; 0; 2; 0; 0; 0; 0; 0
Brett Phillips; GK; 23; 0; 0; 0; 5; 3; 0; 1; 6; 0; 0; 0; 0; 0; 0
Adam Johnson; ; 9; 0; 0; 0; 2; 6; 0; 3; 2; 0; 0; 0; 0; 0; 0
Kert Mease; ; 1; 0; 0; 0; 0; 0; 0; 0; 0; 0; 0; 0; 0; 0; 
Juan Carlos Reza; ; 5; 0; 0; 0; 0; 3; 0; 7; 0; 0; 0; 0; 0; 0; 0



Season: 1997

Team: Anaheim Splash

Bernie Lilavois; F; 27; 0; 0; 44; 18; 0; 0; 39; 18; 10; 4; 0; 7; 0; 
Dale Ervine; D,M/F,F; 27; 0; 0; 25; 24; 160; 0; 21; 14; 9; 1; 0; 1; 0; 15.6
Danny Barber; M; 26; 0; 0; 22; 20; 0; 0; 26; 4; 19; 5; 3; 2; 0; 
Doug Neeley; D; 26; 0; 0; 11; 19; 0; 0; 15; 14; 34; 1; 0; 0; 0; 
Armando Valdivia; M; 24; 0; 0; 11; 10; 0; 0; 49; 16; 12; 0; 0; 0; 0; 
Paul Agyeman; ; 20; 0; 0; 9; 5; 0; 0; 14; 9; 0; 0; 0; 1; 0; 
Matthew Davis; ; 21; 0; 0; 9; 2; 0; 0; 20; 6; 10; 0; 0; 0; 0; 
Thor Lee; D; 25; 0; 0; 5; 3; 0; 0; 21; 4; 35; 0; 0; 1; 0; 
Rich Ryerson; ; 21; 0; 0; 5; 4; 0; 0; 37; 4; 37; 0; 0; 0; 0; 
John O'Brien; ; 28; 0; 0; 5; 11; 0; 0; 31; 8; 63; 1; 0; 1; 0; 
Brian Irvin; ; 27; 0; 0; 4; 4; 0; 0; 9; 4; 15; 0; 0; 0; 0; 
Terry Rowe; D; 12; 0; 0; 3; 3; 0; 0; 20; 4; 10; 0; 0; 0; 0; 
Matt West; ; 15; 0; 0; 3; 1; 0; 0; 10; 0; 10; 0; 0; 1; 0; 
Bench; ; 0; 0; 0; 2; 0; 0; 0; 0; 0; 0; 0; 0; 2; 2; 
P.J. Polowski; ; 2; 0; 0; 2; 0; 0; 0; 0; 0; 0; 0; 0; 0; 0; 
Shane Hickson; ; 27; 0; 0; 2; 4; 0; 0; 11; 6; 18; 1; 0; 0; 0; 
Andy Strouse; ; 6; 0; 0; 1; 0; 0; 0; 3; 0; 1; 1; 0; 0; 0; 
Ricky Rodriguez; ; 24; 0; 0; 1; 2; 0; 0; 19; 2; 27; 0; 0; 0; 0; 
Francisco Jaime; ; 9; 0; 0; 1; 3; 0; 0; 4; 2; 5; 0; 0; 0; 0; 
Brandt Marott; ; 1; 0; 0; 0; 0; 0; 0; 0; 0; 0; 0; 0; 0; 0; 
Paul Mcdonnell; ; 3; 0; 0; 0; 0; 0; 0; 5; 2; 2; 0; 0; 0; 0; 
Ruben Fernandez; GK; 28; 0; 0; 0; 3; 0; 0; 2; 6; 0; 0; 0; 0; 0; 
Ken Hesse; F; 1; 0; 0; 0; 0; 0; 0; 0; 0; 0; 0; 0; 0; 0; 


Team: Arizona Sandsharks

Aaron Susi; G,F; 26; 0; 0; 19; 14; 0; 0; 29; 2; 9; 0; 0; 0; 0; 
Randy Soderman; D; 25; 0; 0; 14; 5; 0; 0; 34; 10; 33; 0; 0; 0; 0; 
Dave Cameron; ; 28; 0; 0; 14; 7; 0; 0; 25; 4; 10; 1; 0; 1; 0; 
Jason Vanacour; ; 27; 0; 0; 11; 8; 0; 0; 45; 17; 60; 0; 0; 1; 0; 
Mark Kerlin; F; 21; 0; 0; 11; 7; 0; 0; 22; 10; 14; 2; 0; 2; 0; 
Rick Soderman; ; 27; 0; 0; 10; 13; 0; 0; 15; 0; 11; 2; 0; 0; 0; 
Terry Woodberry; M,F; 26; 0; 0; 9; 21; 0; 0; 42; 4; 37; 2; 0; 0; 0; 
Emilio Romero; ; 24; 0; 0; 9; 6; 0; 0; 25; 8; 8; 0; 0; 0; 0; 
Don Gaillard; ; 24; 0; 0; 8; 10; 0; 0; 16; 0; 20; 2; 0; 1; 0; 
Leo Lancellotti; ; 18; 0; 0; 6; 2; 0; 0; 28; 0; 7; 0; 0; 0; 0; 
Milo Iniquez; ; 10; 0; 0; 5; 4; 0; 0; 6; 4; 2; 0; 0; 0; 0; 
Maxi Viera; M; 12; 0; 0; 4; 3; 0; 0; 18; 4; 5; 0; 0; 0; 0; 
Kevin Berry; ; 17; 0; 0; 4; 1; 0; 0; 20; 4; 10; 0; 0; 0; 0; 
Miguel Herrera; ; 8; 0; 0; 2; 0; 0; 0; 19; 4; 6; 0; 0; 0; 0; 
Bobo; ; 8; 0; 0; 2; 1; 0; 0; 10; 4; 4; 0; 0; 0; 0; 
Bench; ; 0; 0; 0; 2; 0; 0; 0; 0; 2; 0; 0; 0; 2; 2; 
Nabyl Bekraoui; ; 8; 0; 0; 2; 2; 0; 0; 10; 2; 2; 0; 0; 0; 0; 
Kenny Wright; ; 19; 0; 0; 2; 2; 0; 0; 18; 2; 11; 0; 0; 0; 0; 
Roger Salazar; ; 1; 0; 0; 0; 0; 0; 0; 2; 0; 1; 0; 0; 0; 0; 
Rachid Maaouni; ; 1; 0; 0; 0; 0; 0; 0; 1; 0; 0; 0; 0; 0; 0; 
Victor Gilgan; ; 4; 0; 0; 0; 0; 0; 0; 4; 0; 3; 0; 0; 0; 0; 
Pablo Forlan; ; 7; 0; 0; 0; 2; 0; 0; 13; 2; 10; 0; 0; 0; 0; 
Herb Richards; ; 1; 0; 0; 0; 0; 0; 0; 3; 0; 0; 0; 0; 0; 0; 
Scott Hileman; ; 28; 0; 0; 0; 4; 0; 0; 4; 18; 0; 0; 0; 0; 0; 
Jeff Hodgson; ; 22; 0; 0; 0; 0; 0; 0; 31; 8; 29; 0; 0; 0; 0; 


Team: Dallas Sidekicks

David Doyle; M; 26; 0; 0; 32; 25; 177; 0; 44; 20; 34; 1; 0; 3; 1; 18.1
Tatu; F,D; 19; 0; 0; 26; 36; 130; 0; 23; 10; 8; 6; 0; 1; 0; 20
Rusty Troy; F; 26; 0; 0; 20; 15; 89; 0; 31; 8; 62; 5; 0; 1; 1; 22.5
Nick Stavrou; M; 24; 0; 0; 19; 16; 98; 0; 24; 4; 34; 3; 0; 2; 0; 19.4
Patrick Shamu; M; 15; 0; 0; 10; 3; 45; 0; 15; 4; 11; 0; 0; 0; 0; 22.2
Miguel Pedraza; ; 11; 0; 0; 9; 3; 33; 0; 15; 0; 5; 2; 0; 0; 0; 27.3
Frank Filo; ; 20; 0; 0; 7; 5; 25; 0; 19; 2; 17; 0; 0; 0; 0; 28
Hunter Goff; ; 28; 0; 0; 6; 2; 30; 0; 29; 4; 10; 0; 0; 0; 0; 20
Guillermo Luvian; ; 20; 0; 0; 6; 2; 65; 0; 22; 6; 9; 1; 0; 2; 0; 9.2
Kevin Smith; M; 22; 0; 0; 6; 19; 39; 0; 8; 6; 8; 0; 0; 2; 0; 15.4
Beau Brown; ; 28; 0; 0; 6; 4; 56; 0; 40; 4; 37; 0; 0; 0; 0; 10.7
Jose Alvarado; ; 28; 0; 0; 5; 3; 43; 0; 41; 10; 48; 0; 0; 0; 0; 11.6
Mike Powers; M,D; 28; 0; 0; 3; 3; 23; 0; 69; 10; 52; 0; 0; 0; 0; 13
Luis Moreno; ; 15; 0; 0; 3; 1; 10; 0; 5; 0; 1; 0; 0; 0; 0; 30
Bench; ; 0; 0; 0; 2; 0; 2; 0; 0; 0; 0; 0; 0; 2; 2; 100
Daniel Montoya; ; 18; 0; 0; 2; 2; 19; 0; 17; 6; 5; 0; 0; 0; 0; 10.5
Chuck Salas; ; 4; 0; 0; 1; 0; 1; 0; 2; 0; 0; 0; 0; 0; 0; 100
Israel Rojas; ; 11; 0; 0; 1; 0; 3; 0; 5; 0; 0; 0; 0; 0; 0; 33.3
Scott Crawford; ; 9; 0; 0; 1; 0; 4; 0; 11; 4; 3; 0; 0; 0; 0; 25
Hank Henry; GK; 4; 0; 0; 0; 0; 0; 0; 0; 2; 0; 0; 0; 0; 0; 
Kyle Owen; ; 5; 0; 0; 0; 0; 0; 0; 0; 0; 0; 0; 0; 0; 0; 
Antonio Cortes; GK; 26; 0; 0; 0; 1; 6; 0; 4; 2; 0; 0; 0; 0; 0; 0
Wilco Ravestyn; ; 1; 0; 0; 0; 0; 0; 0; 0; 4; 0; 0; 0; 0; 0; 
Guillermo Ruiz; ; 2; 0; 0; 0; 1; 1; 0; 0; 0; 0; 0; 0; 0; 0; 0


Team: Detroit Safari

Ken Snow; ; 28; 0; 0; 25; 9; 0; 0; 34; 14; 10; 2; 0; 0; 0; 
Andy Chapman; F; 22; 0; 0; 22; 13; 0; 0; 22; 2; 3; 3; 0; 1; 0; 
Joey Kirk; F; 15; 0; 0; 13; 5; 0; 0; 26; 8; 8; 3; 0; 1; 0; 
Charles Unaka; ; 8; 0; 0; 11; 5; 0; 0; 21; 2; 4; 1; 0; 0; 0; 
Moises Garduno; ; 16; 0; 0; 9; 8; 0; 0; 26; 12; 15; 0; 0; 0; 0; 
Carlos Farias; M; 11; 0; 0; 8; 8; 0; 0; 10; 14; 3; 3; 0; 0; 0; 
Michael Collins; D,M; 22; 0; 0; 8; 20; 0; 0; 25; 4; 38; 2; 0; 0; 0; 
Martin Chester; ; 19; 0; 0; 6; 8; 0; 0; 14; 2; 7; 0; 0; 0; 0; 
Tony Gasperetto; ; 20; 0; 0; 5; 6; 0; 0; 59; 20; 34; 2; 0; 0; 0; 
Bobby Dinunzio; ; 21; 0; 0; 5; 5; 0; 0; 21; 10; 34; 0; 0; 0; 0; 
Scott Weiger; ; 16; 0; 0; 4; 3; 0; 0; 16; 0; 8; 0; 0; 0; 0; 
Greg Matlak; ; 4; 0; 0; 3; 1; 0; 0; 6; 2; 2; 0; 0; 0; 0; 
Paul Mcdonnell; ; 13; 0; 0; 2; 6; 0; 0; 15; 6; 18; 1; 0; 0; 0; 
Jimmy McGeough; D,M; 15; 0; 0; 2; 4; 0; 0; 18; 7; 16; 1; 0; 0; 0; 
Jason Davis; ; 23; 0; 0; 2; 2; 0; 0; 15; 10; 22; 0; 0; 1; 0; 
Chris Whyte; D; 22; 0; 0; 2; 2; 0; 0; 34; 6; 52; 0; 0; 0; 0; 
Ben Powers; ; 27; 0; 0; 1; 0; 0; 0; 29; 0; 31; 0; 0; 0; 0; 
Kevin Macfarlane; ; 4; 0; 0; 1; 0; 0; 0; 5; 0; 2; 0; 0; 0; 0; 
Juan Carlos Sanchez; ; 5; 0; 0; 1; 1; 0; 0; 3; 2; 2; 0; 0; 0; 0; 
Ian Farebrother; D; 5; 0; 0; 1; 0; 0; 0; 3; 9; 5; 1; 0; 0; 0; 
Emilson Soto; ; 13; 0; 0; 1; 2; 0; 0; 12; 4; 9; 0; 0; 0; 0; 
Pat Harrington; GK; 16; 0; 0; 1; 3; 0; 0; 0; 6; 0; 0; 0; 0; 0; 
Yaro Dachniwsky; GK; 7; 0; 0; 0; 0; 0; 0; 1; 0; 0; 0; 0; 0; 0; 
Tomislav Gricar; ; 6; 0; 0; 0; 0; 0; 0; 6; 2; 2; 0; 0; 0; 0; 
Edward Child; ; 9; 0; 0; 0; 0; 0; 0; 2; 2; 1; 0; 0; 0; 0; 
Albert Marko; ; 7; 0; 0; 0; 2; 0; 0; 7; 6; 6; 0; 0; 0; 0; 
Colin Jex; GK; 5; 0; 0; 0; 0; 0; 0; 1; 2; 0; 0; 0; 0; 0; 
Steve McCaul; ; 5; 0; 0; 0; 1; 0; 0; 6; 0; 2; 0; 0; 0; 0; 


Team: Houston Hotshots

Paul Dougherty; F; 28; 0; 0; 50; 42; 201; 0; 28; 6; 19; 5; 0; 6; 1; 24.9
Ziad Allan; ; 27; 0; 0; 35; 29; 94; 0; 31; 4; 20; 8; 0; 3; 0; 37.2
Nebo Bandovic; F; 17; 0; 0; 18; 11; 59; 0; 34; 2; 5; 4; 1; 1; 0; 30.5
Beto; M; 28; 0; 0; 17; 23; 71; 0; 33; 4; 44; 3; 0; 1; 0; 23.9
Giampaulo Pedroso; ; 25; 0; 0; 16; 11; 70; 0; 32; 6; 4; 5; 0; 2; 1; 22.9
Mike Britton; ; 28; 0; 0; 15; 6; 70; 0; 28; 0; 38; 0; 0; 0; 0; 21.4
Goran Vasic; F,M; 25; 0; 0; 11; 8; 53; 0; 31; 2; 2; 0; 0; 2; 0; 20.8
Horacio Leone; ; 27; 0; 0; 10; 11; 54; 0; 11; 2; 8; 0; 1; 1; 0; 18.5
Arturo Castelan; ; 28; 0; 0; 9; 10; 54; 0; 38; 8; 52; 0; 0; 0; 0; 16.7
Gary Young; ; 26; 0; 0; 6; 2; 59; 0; 40; 16; 37; 0; 0; 0; 0; 10.2
David Banks; D; 28; 0; 0; 5; 9; 40; 0; 42; 6; 39; 1; 0; 0; 0; 12.5
Damien Harley; ; 27; 0; 0; 4; 0; 33; 0; 32; 2; 37; 0; 0; 0; 0; 12.1
Chris Szanto; D; 28; 0; 0; 3; 6; 29; 0; 13; 8; 17; 0; 0; 1; 0; 10.3
Mark McKay; ; 2; 0; 0; 0; 0; 1; 0; 0; 0; 0; 0; 0; 0; 0; 0
Nassim Olabi; D; 19; 0; 0; 0; 1; 10; 0; 8; 0; 6; 0; 0; 0; 0; 0
Terry Waldorf; GK; 28; 0; 0; 0; 3; 2; 0; 3; 10; 0; 0; 0; 0; 0; 0
David West; GK; 1; 0; 0; 0; 0; 0; 0; 0; 0; 0; 0; 0; 0; 0; 


Team: Indiana Twisters

Mirko Castillo; F; 27; 0; 0; 45; 14; 0; 0; 34; 8; 13; 8; 0; 2; 0; 
Alejandro Moreno; F,M; 27; 0; 0; 34; 19; 0; 0; 64; 17; 20; 7; 0; 3; 0; 
Mariano Bollella; M; 28; 0; 0; 24; 30; 0; 0; 30; 8; 24; 5; 0; 1; 0; 
Matthew Blackbourne; ; 24; 0; 0; 18; 6; 0; 0; 40; 10; 9; 0; 2; 3; 0; 
Carlos Farias; M; 14; 0; 0; 12; 14; 0; 0; 15; 8; 0; 0; 0; 0; 0; 
Jose Luis Rojano; ; 28; 0; 0; 11; 14; 0; 0; 23; 0; 15; 2; 0; 0; 0; 
Pato Margetic; F; 24; 0; 0; 10; 9; 0; 0; 40; 4; 6; 4; 0; 1; 0; 
Carlos Zavala; ; 28; 0; 0; 8; 12; 0; 0; 26; 8; 41; 1; 0; 2; 0; 
Joe Callahan; ; 25; 0; 0; 7; 6; 0; 0; 38; 19; 34; 0; 0; 1; 0; 
Shawn Blakeman; ; 14; 0; 0; 6; 4; 0; 0; 23; 10; 4; 0; 0; 1; 0; 
Scott Lawler; ; 26; 0; 0; 5; 5; 0; 0; 29; 6; 3; 0; 0; 1; 0; 
Jose Londono; ; 20; 0; 0; 3; 2; 0; 0; 12; 0; 2; 0; 0; 1; 0; 
Rob Nichols; ; 3; 0; 0; 2; 1; 0; 0; 2; 2; 2; 0; 0; 0; 0; 
John Sand; ; 6; 0; 0; 2; 1; 0; 0; 4; 2; 5; 0; 0; 0; 0; 
Emilson Soto; ; 8; 0; 0; 2; 2; 0; 0; 7; 8; 6; 0; 0; 1; 0; 
Neil Gilbert; D; 28; 0; 0; 2; 4; 0; 0; 81; 18; 36; 0; 0; 0; 0; 
John Kluba; GK; 28; 0; 0; 2; 8; 0; 0; 4; 6; 0; 0; 0; 0; 0; 
Terry Rowe; D; 5; 0; 0; 1; 2; 0; 0; 2; 0; 0; 1; 0; 0; 0; 
Rich Ryerson; ; 2; 0; 0; 0; 0; 0; 0; 8; 6; 3; 0; 0; 0; 0; 
Mate Kozul; ; 26; 0; 0; 0; 3; 0; 0; 46; 6; 29; 0; 0; 0; 0; 
Garrath O'Sullivan; ; 1; 0; 0; 0; 0; 0; 0; 0; 0; 0; 0; 0; 0; 0; 



Team: Monterrey La Raza

Marco Coria; G,D; 27; 0; 0; 32; 24; 132; 0; 63; 10; 21; 4; 0; 3; 0; 24.2
Genoni Martinez; D; 28; 0; 0; 29; 29; 231; 0; 46; 16; 44; 9; 0; 5; 0; 12.6
Zizinho; F; 24; 0; 0; 27; 10; 0; 0; 26; 2; 5; 8; 0; 1; 0; 
Marco Lopez; F; 23; 0; 0; 21; 16; 0; 0; 32; 10; 18; 5; 0; 2; 0; 
Dave Reichart; ; 23; 0; 0; 12; 11; 0; 0; 12; 0; 11; 0; 0; 1; 0; 
Jaime Flores; ; 26; 0; 0; 11; 6; 0; 0; 34; 12; 11; 0; 0; 0; 0; 
Samuel Jeronimo; ; 19; 0; 0; 9; 3; 0; 0; 20; 4; 5; 0; 0; 0; 0; 
Francisco De La Garza; ; 25; 0; 0; 9; 3; 0; 0; 36; 4; 8; 0; 0; 1; 0; 
Octavio Perez; M; 23; 0; 0; 9; 15; 0; 0; 46; 0; 18; 0; 0; 1; 0; 
Rodolfo De Las Fuentes; ; 21; 0; 0; 8; 4; 0; 0; 20; 4; 9; 0; 0; 2; 0; 
Jaime Cantu; ; 27; 0; 0; 7; 4; 0; 0; 18; 2; 54; 0; 0; 2; 0; 
Martin Hernandez; ; 26; 0; 0; 6; 9; 0; 0; 37; 6; 15; 0; 0; 2; 0; 
Alejandro Cardenas; D; 25; 0; 0; 5; 11; 113; 0; 42; 16; 26; 1; 0; 0; 0; 4.4
Rene Ortiz; D; 21; 0; 0; 4; 3; 0; 0; 19; 6; 12; 0; 0; 0; 0; 
David Pereyra; F; 8; 0; 0; 1; 3; 0; 0; 18; 4; 3; 0; 0; 0; 0; 
Gerado Cazares; GK; 1; 0; 0; 0; 0; 0; 0; 0; 0; 0; 0; 0; 0; 0; 
Sergio Gonzalez; ; 13; 0; 0; 0; 1; 0; 0; 17; 4; 11; 0; 0; 0; 0; 
Olivier Grava; ; 3; 0; 0; 0; 2; 0; 0; 1; 0; 1; 0; 0; 0; 0; 
Raul Salas; GK; 27; 0; 0; 0; 3; 0; 0; 0; 4; 1; 0; 0; 0; 0; 
Jose Luis Hernandez; ; 1; 0; 0; 0; 0; 0; 0; 0; 0; 0; 0; 0; 0; 0; 


Team: Portland Pride

Jeff Betts; ; 26; 0; 0; 33; 21; 0; 0; 31; 12; 23; 2; 0; 4; 0; 
Franklin McIntosh; F; 23; 0; 0; 20; 25; 0; 0; 21; 17; 17; 1; 0; 1; 0; 
Ben Erickson; ; 22; 0; 0; 14; 5; 0; 0; 31; 10; 6; 2; 0; 5; 0; 
Rob Baarts; ; 24; 0; 0; 13; 10; 0; 0; 9; 2; 31; 2; 0; 0; 0; 
Ban Lensch; ; 20; 0; 0; 9; 5; 0; 0; 16; 2; 2; 2; 0; 0; 0; 
Brian Negrete; ; 27; 0; 0; 8; 10; 0; 0; 30; 6; 50; 1; 0; 0; 0; 
Kevin Legg; ; 15; 0; 0; 7; 4; 0; 0; 10; 0; 13; 0; 0; 1; 0; 
Abraham Rubio; ; 19; 0; 0; 6; 1; 0; 0; 23; 4; 9; 0; 0; 0; 0; 
Oth Ngonethong; ; 26; 0; 0; 6; 8; 0; 0; 22; 8; 38; 1; 0; 0; 0; 
Roger Gantz; ; 22; 0; 0; 5; 4; 0; 0; 23; 6; 26; 0; 0; 1; 0; 
Dan Packer; ; 23; 0; 0; 5; 2; 0; 0; 32; 16; 19; 0; 0; 0; 0; 
Ralph Black; D,M,F; 21; 0; 0; 3; 6; 0; 0; 24; 4; 25; 2; 0; 0; 0; 
Joey Leonetti; ; 7; 0; 0; 3; 3; 0; 0; 3; 0; 5; 0; 0; 0; 0; 
Charles Unaka; ; 11; 0; 0; 3; 4; 0; 0; 16; 0; 2; 0; 0; 0; 0; 
Scott Sagar; ; 12; 0; 0; 2; 0; 0; 0; 25; 14; 10; 0; 0; 0; 0; 
Kiley Couch; D; 17; 0; 0; 2; 3; 0; 0; 15; 6; 10; 0; 0; 0; 0; 
Tom Crane; ; 24; 0; 0; 2; 4; 0; 0; 23; 6; 21; 0; 0; 0; 0; 
Bench; ; 0; 0; 0; 1; 0; 0; 0; 0; 0; 0; 0; 0; 1; 1; 
Chris Scotti; ; 3; 0; 0; 1; 0; 0; 0; 6; 0; 2; 0; 0; 0; 0; 
Zack Chown; ; 15; 0; 0; 1; 1; 0; 0; 11; 10; 3; 0; 0; 0; 0; 
Brett Phillips; GK; 28; 0; 0; 0; 7; 0; 0; 4; 8; 0; 0; 0; 0; 0; 
Peter Kavanagh; ; 1; 0; 0; 0; 0; 0; 0; 0; 0; 0; 0; 0; 0; 0; 



Team: Sacramento Knights

Jon Parry; ; 26; 0; 0; 36; 16; 188; 0; 33; 14; 14; 7; 0; 2; 0; 19.1
Mark Thomas; ; 24; 0; 0; 26; 10; 0; 0; 32; 8; 9; 3; 0; 2; 0; 
Michael Arujo; ; 22; 0; 0; 13; 14; 0; 0; 21; 8; 12; 3; 0; 1; 0; 
Drago Dumbovic; F; 23; 0; 0; 12; 20; 0; 0; 14; 9; 3; 0; 0; 1; 1; 
Antonio Sutton; D; 25; 0; 0; 11; 2; 0; 0; 25; 6; 11; 0; 0; 2; 1; 
Rudy Doliscat; ; 25; 0; 0; 9; 4; 0; 0; 39; 18; 72; 0; 2; 1; 0; 
Lee Edgerton; ; 28; 0; 0; 9; 4; 0; 0; 29; 0; 23; 2; 0; 1; 0; 
Chris McDonald; ; 19; 0; 0; 5; 3; 0; 0; 21; 6; 4; 0; 0; 0; 0; 
Jeff Alcala; ; 24; 0; 0; 5; 7; 0; 0; 18; 4; 15; 0; 0; 1; 0; 
Iain Fraser; D; 23; 0; 0; 4; 13; 0; 0; 21; 14; 45; 2; 0; 2; 1; 
John Garvey; F; 5; 0; 0; 4; 5; 0; 0; 6; 0; 0; 0; 0; 1; 0; 
Andy Furnell; ; 14; 0; 0; 3; 3; 0; 0; 16; 4; 11; 0; 0; 0; 0; 
Paul Hansen; ; 16; 0; 0; 3; 4; 0; 0; 28; 12; 23; 0; 0; 0; 0; 
Craig Huft; ; 27; 0; 0; 2; 4; 0; 0; 18; 6; 33; 0; 0; 0; 0; 
Tommy Knox; ; 27; 0; 0; 2; 4; 0; 0; 26; 4; 29; 0; 0; 0; 0; 
Ricky Villa; ; 17; 0; 0; 1; 4; 0; 0; 5; 12; 24; 0; 0; 0; 0; 
Brandon Cavitt; ; 16; 0; 0; 1; 3; 0; 0; 10; 0; 5; 0; 0; 0; 0; 
Phil Salvagio; GK; 1; 0; 0; 0; 0; 0; 0; 0; 4; 0; 0; 0; 0; 0; 
Tim Maestretti; ; 1; 0; 0; 0; 0; 0; 0; 1; 0; 0; 0; 0; 0; 0; 
Dan Madsen; ; 26; 0; 0; 0; 6; 0; 0; 2; 4; 0; 0; 0; 0; 0; 
Blair Quinn; GK; 1; 0; 0; 0; 0; 0; 0; 0; 0; 0; 0; 0; 0; 0; 



Team: Seattle SeaDogs

John Olu-Molomo; ; 25; 0; 0; 33; 24; 0; 0; 29; 14; 7; 5; 0; 3; 0; 
Dick McCormick; M; 28; 0; 0; 31; 25; 0; 0; 52; 18; 21; 2; 0; 3; 1; 
Jean Harbor; F; 27; 0; 0; 28; 25; 0; 0; 49; 20; 6; 9; 0; 4; 0; 
Tom Bialek; ; 26; 0; 0; 24; 10; 0; 0; 32; 2; 14; 4; 0; 4; 0; 
Bruce Broughton; ; 27; 0; 0; 17; 13; 0; 0; 22; 6; 16; 9; 0; 3; 0; 
Jason Dunn; ; 26; 0; 0; 12; 7; 0; 0; 19; 8; 3; 1; 0; 3; 0; 
Marcelo Fontana; M,F; 17; 0; 0; 5; 6; 0; 0; 23; 8; 5; 0; 0; 1; 0; 
John Purtteman; ; 26; 0; 0; 3; 0; 0; 0; 44; 16; 44; 0; 0; 0; 0; 
David Mattson; ; 25; 0; 0; 3; 3; 0; 0; 27; 6; 27; 0; 0; 0; 0; 
Gaston Pernia; D; 27; 0; 0; 3; 5; 0; 0; 40; 10; 35; 1; 0; 0; 0; 
Bill Crook; D; 27; 0; 0; 2; 6; 0; 0; 21; 8; 32; 0; 0; 0; 0; 
David Wheeler; ; 9; 0; 0; 2; 3; 0; 0; 10; 2; 3; 0; 0; 0; 0; 
Todd Woodhouse; ; 19; 0; 0; 2; 1; 0; 0; 14; 8; 19; 0; 0; 0; 0; 
Seth Spidahl; ; 18; 0; 0; 2; 2; 0; 0; 27; 2; 12; 0; 0; 0; 0; 
James Dunn; ; 3; 0; 0; 1; 1; 0; 0; 2; 0; 2; 0; 0; 0; 0; 
Todd Stauber; ; 6; 0; 0; 1; 1; 0; 0; 5; 0; 1; 0; 0; 0; 0; 
Shannon Murray; ; 23; 0; 0; 1; 6; 0; 0; 16; 4; 14; 0; 0; 0; 0; 
Nat Gonzalez; GK; 1; 0; 0; 0; 0; 0; 0; 0; 0; 0; 0; 0; 0; 0; 
Rafael Garcia; ; 1; 0; 0; 0; 0; 0; 0; 1; 0; 0; 0; 0; 0; 0; 
Juan De La O; GK; 27; 0; 0; 0; 5; 0; 0; 2; 4; 0; 0; 0; 0; 0; 
Shane Decker; ; 1; 0; 0; 0; 0; 0; 0; 0; 0; 0; 0; 0; 0; 0; 
Tim Babcock; ; 2; 0; 0; 0; 0; 0; 0; 4; 0; 0; 0; 0; 0; 0; 





Team: Washington Warthogs

Guillermo Castaneda; ; 28; 0; 0; 29; 18; 0; 0; 50; 10; 6; 0; 0; 4; 0; 
Eric McClellan; ; 26; 0; 0; 27; 15; 0; 0; 14; 4; 20; 2; 0; 2; 0; 
Denison Cabral; F; 28; 0; 0; 25; 20; 0; 0; 38; 8; 12; 6; 0; 2; 1; 
Goran Hunjak; M; 28; 0; 0; 18; 38; 0; 0; 25; 6; 12; 1; 0; 1; 0; 
Tarik Walker; F; 27; 0; 0; 18; 14; 0; 0; 28; 7; 10; 1; 0; 1; 0; 
Juan Carlos Reza; ; 26; 0; 0; 15; 6; 0; 0; 39; 18; 8; 1; 0; 0; 0; 
Doug Smith; ; 28; 0; 0; 6; 5; 0; 0; 28; 12; 20; 0; 0; 0; 0; 
Derrick Marcano; ; 28; 0; 0; 6; 12; 0; 0; 49; 4; 37; 0; 0; 0; 0; 
Bobby Johnston; ; 25; 0; 0; 5; 3; 0; 0; 49; 18; 58; 1; 0; 1; 0; 
Joe Koziol; M; 18; 0; 0; 5; 5; 0; 0; 15; 6; 35; 1; 0; 0; 0; 
Troy Snyder; D; 18; 0; 0; 4; 4; 0; 0; 27; 8; 51; 2; 0; 0; 0; 
Agustin Pascual; ; 16; 0; 0; 4; 2; 0; 0; 13; 8; 6; 0; 0; 1; 1; 
Festus George; ; 28; 0; 0; 4; 1; 0; 0; 45; 8; 13; 0; 0; 0; 0; 
Steve Bell; F-M; 14; 0; 0; 2; 2; 0; 0; 10; 0; 3; 0; 0; 0; 0; 
Jaime Valencia; ; 6; 0; 0; 1; 1; 0; 0; 14; 2; 5; 0; 0; 0; 0; 
Todd Pettigrew; ; 7; 0; 0; 1; 0; 0; 0; 6; 2; 1; 0; 0; 0; 0; 
Dragoslav Kostic; ; 1; 0; 0; 0; 0; 0; 0; 0; 0; 0; 0; 0; 0; 0; 
Ron Forline; ; 1; 0; 0; 0; 0; 0; 0; 0; 0; 0; 0; 0; 0; 0; 
Adam Johnson; ; 9; 0; 0; 0; 0; 0; 0; 3; 0; 1; 0; 0; 0; 0; 
Clovis Maciel; GK; 14; 0; 0; 0; 0; 0; 0; 1; 10; 0; 0; 0; 0; 0; 
David Tenney; GK; 15; 0; 0; 0; 1; 0; 0; 0; 4; 0; 0; 0; 0; 0; 
Craig Melton; ; 1; 0; 0; 0; 0; 0; 0; 0; 0; 0; 0; 0; 0; 0; 
