Competition: National Indoor Soccer League
Season: 2008-2009
Key: name; position; games_played; _; _; goals; assists; shots; _, _, pim; blocks; ppg; shg; gwg; otg; s%

Team: Baltimore Blast

Giuliano Celenza; F; 16; 0; 0; 19; 7; 56; 0; 6; 0; 4; 4; 0; 2; 0; 33.9
Machel Millwood; F; 15; 0; 0; 18; 12; 51; 0; 17; 9; 6; 3; 0; 2; 0; 35.3
Denison Cabral; F; 14; 0; 0; 13; 7; 51; 0; 10; 2; 9; 5; 0; 3; 0; 25.5
Carlos Garcia; F; 18; 0; 0; 12; 12; 33; 0; 43; 35; 6; 3; 0; 0; 0; 36.4
P.J. Wakefield; D; 18; 0; 0; 11; 6; 45; 0; 16; 6; 21; 2; 0; 2; 0; 24.4
Matt Watson; M; 13; 0; 0; 10; 1; 27; 0; 12; 2; 4; 0; 0; 2; 0; 37
Michael Lookingland; D; 18; 0; 0; 9; 7; 36; 0; 13; 2; 18; 0; 1; 0; 0; 25
Scott Buete; M; 18; 0; 0; 8; 2; 22; 0; 24; 12; 7; 0; 0; 1; 0; 36.4
Matt Tirschman; ; 14; 0; 0; 7; 8; 19; 0; 10; 0; 2; 0; 0; 0; 0; 36.8
Patrick Healey; G,D,M; 18; 0; 0; 6; 4; 16; 0; 18; 6; 8; 0; 0; 1; 1; 37.5
Adrian Bumbut; F; 8; 0; 0; 6; 1; 19; 0; 4; 0; 2; 1; 0; 0; 0; 31.6
Robbie Aristodemo; M; 18; 0; 0; 5; 19; 20; 0; 9; 12; 10; 1; 1; 1; 0; 25
Billy Nelson; D; 17; 0; 0; 3; 3; 12; 0; 14; 6; 25; 0; 0; 0; 0; 25
Jonathan Greenfield; D,G,M,F; 12; 0; 0; 2; 3; 15; 0; 12; 0; 5; 0; 0; 0; 0; 13.3
Richard Lesmes; ; 4; 0; 0; 2; 0; 4; 0; 11; 0; 0; 0; 0; 0; 0; 50
Ryan Pierce; D; 13; 0; 0; 1; 1; 6; 0; 6; 0; 4; 0; 0; 0; 0; 16.7
Bench; ; 18; 0; 0; 0; 0; 0; 0; 0; 4; 0; 0; 0; 0; 0; 
Craig Scheer; D; 11; 0; 0; 0; 0; 11; 0; 10; 2; 1; 0; 0; 0; 0; 0
Sagu; GK; 15; 0; 0; 0; 2; 0; 0; 1; 2; 0; 0; 0; 0; 0; 
Dave Kern; G,F; 6; 0; 0; 0; 0; 0; 0; 0; 4; 0; 0; 0; 0; 0; 


Team: Massachusetts Twisters

Kevin Radziwon; M; 18; 0; 0; 7; 3; 30; 0; 30; 4; 19; 0; 0; 0; 0; 23.3
Franco Cartiera; ; 15; 0; 0; 7; 2; 35; 0; 17; 4; 15; 2; 0; 0; 0; 20
Jeff Deren; F; 13; 0; 0; 7; 3; 36; 0; 18; 11; 7; 1; 0; 0; 0; 19.4
Everson Maciel; ; 8; 0; 0; 6; 4; 23; 0; 12; 20; 2; 3; 0; 0; 0; 26.1
Kyle Teixeira; ; 8; 0; 0; 5; 1; 18; 0; 17; 4; 3; 1; 0; 0; 0; 27.8
John Krause; D; 3; 0; 0; 4; 0; 14; 0; 7; 2; 1; 0; 0; 1; 0; 28.6
Jay Willis; D; 17; 0; 0; 3; 2; 15; 0; 32; 24; 31; 0; 0; 0; 0; 20
Freddie Souza; ; 15; 0; 0; 3; 3; 19; 0; 11; 2; 23; 0; 0; 0; 0; 15.8
Neil Krause; F; 12; 0; 0; 3; 5; 19; 0; 14; 9; 2; 0; 0; 0; 0; 15.8
Pedro Navarro; ; 14; 0; 0; 2; 1; 5; 0; 25; 2; 3; 0; 0; 0; 0; 40
Tony Cartiera; ; 17; 0; 0; 2; 3; 23; 0; 10; 2; 16; 0; 0; 0; 0; 8.7
Mike Lapointe; ; 14; 0; 0; 1; 1; 3; 0; 8; 4; 2; 0; 0; 0; 0; 33.3
Paulo Lima; ; 3; 0; 0; 1; 1; 6; 0; 5; 4; 0; 0; 0; 0; 0; 16.7
Rueben Neto; ; 9; 0; 0; 1; 1; 13; 0; 9; 4; 4; 0; 0; 0; 0; 7.7
Lucas Trinadale; ; 2; 0; 0; 1; 1; 3; 0; 0; 0; 0; 1; 0; 0; 0; 33.3
Alex Montinucci; ; 5; 0; 0; 1; 1; 6; 0; 9; 7; 4; 0; 0; 0; 0; 16.7
Oliver Medina; ; 4; 0; 0; 1; 0; 6; 0; 7; 2; 0; 0; 0; 0; 0; 16.7
Tom Nevue; ; 5; 0; 0; 1; 0; 4; 0; 5; 2; 0; 0; 0; 0; 0; 25
Hugo Ferreria; ; 5; 0; 0; 0; 0; 0; 0; 5; 2; 2; 0; 0; 0; 0; 
Bryan Zubre; ; 6; 0; 0; 0; 0; 0; 0; 3; 0; 7; 0; 0; 0; 0; 
Rafael Magalhaes; ; 4; 0; 0; 0; 0; 0; 0; 2; 0; 2; 0; 0; 0; 0; 
Daniel Stevens; M,F; 1; 0; 0; 0; 0; 0; 0; 1; 0; 0; 0; 0; 0; 0; 
Cartiera Franco; ; 1; 0; 0; 0; 0; 0; 0; 3; 0; 0; 0; 0; 0; 0; 
Paul DelloStritto; GK; 14; 0; 0; 0; 0; 0; 0; 1; 4; 0; 0; 0; 0; 0; 
Bryan Zorba; ; 2; 0; 0; 0; 0; 0; 0; 0; 0; 0; 0; 0; 0; 0; 
Rafael Neto; ; 3; 0; 0; 0; 0; 1; 0; 3; 0; 1; 0; 0; 0; 0; 0
Adam Peron; ; 11; 0; 0; 0; 1; 0; 0; 3; 7; 0; 0; 0; 0; 0; 
Chris Mogavero; ; 3; 0; 0; 0; 2; 1; 0; 0; 0; 2; 0; 0; 0; 0; 0
Adrian Francisco; ; 5; 0; 0; 0; 0; 9; 0; 1; 0; 7; 0; 0; 0; 0; 0
Rudson Crisostomo; ; 5; 0; 0; 0; 0; 7; 0; 5; 0; 3; 0; 0; 0; 0; 0
Doug Morabito; ; 1; 0; 0; 0; 0; 0; 0; 0; 0; 1; 0; 0; 0; 0; 
Nick Dezenzo; D; 7; 0; 0; 0; 0; 1; 0; 2; 0; 5; 0; 0; 0; 0; 0
Bench; ; 18; 0; 0; 0; 0; 0; 0; 0; 4; 0; 0; 0; 0; 0; 



Team: Monterrey La Raza

Byron Alvarez; F; 18; 0; 0; 22; 11; 69; 0; 28; 10; 7; 3; 0; 4; 0; 31.9
Mark Ughy; F; 18; 0; 0; 19; 9; 66; 0; 29; 13; 9; 3; 0; 0; 0; 28.8
Ivan Medina; M; 16; 0; 0; 16; 4; 64; 0; 10; 2; 11; 0; 0; 1; 0; 25
Jose Birche; D; 30; 0; 0; 14; 5; 72; 0; 5; 6; 1; 6; 0; 0; 0; 19.4
Victor Quiroz; G,M,D; 18; 0; 0; 13; 4; 47; 0; 18; 7; 6; 1; 1; 3; 2; 27.7
Mariano Bollella; M; 18; 0; 0; 12; 11; 58; 0; 10; 6; 13; 3; 0; 0; 0; 20.7
Armando Teran; M; 18; 0; 0; 8; 5; 26; 0; 8; 2; 14; 0; 0; 0; 0; 30.8
Genoni Martinez; D; 17; 0; 0; 6; 20; 101; 0; 10; 6; 33; 1; 0; 1; 0; 5.9
Joel Busti; ; 13; 0; 0; 5; 3; 20; 0; 8; 0; 3; 0; 0; 0; 0; 25
Gustavo Rosales; M; 13; 0; 0; 4; 5; 16; 0; 6; 0; 3; 0; 0; 0; 0; 25
Marco Coria; G,D; 13; 0; 0; 3; 4; 26; 0; 12; 0; 22; 0; 0; 0; 0; 11.5
Carlos Barbosa; ; 10; 0; 0; 3; 1; 12; 0; 2; 2; 1; 0; 0; 1; 0; 25
David Oteo; D; 6; 0; 0; 2; 4; 6; 0; 4; 8; 0; 0; 0; 0; 0; 33.3
Jorge Duran; M,F; 3; 0; 0; 1; 0; 4; 0; 0; 0; 1; 0; 0; 0; 0; 25
Marco Vega; ; 2; 0; 0; 1; 0; 2; 0; 1; 2; 4; 0; 0; 0; 0; 50
Victor Santibanez; D; 18; 0; 0; 1; 2; 18; 0; 22; 6; 11; 0; 0; 0; 0; 5.6
Bench; ; 18; 0; 0; 0; 0; 0; 0; 0; 7; 0; 0; 0; 0; 0; 
Steve Reese; G; 5; 0; 0; 0; 0; 0; 0; 0; 0; 0; 0; 0; 0; 0; 
Carlos Pichardo; D; 16; 0; 0; 0; 0; 8; 0; 14; 6; 11; 0; 0; 0; 0; 0
Julio Miramar; ; 7; 0; 0; 0; 1; 5; 0; 6; 0; 8; 0; 0; 0; 0; 0
Daniel Delgaolo; ; 1; 0; 0; 0; 0; 0; 0; 0; 0; 0; 0; 0; 0; 0; 
Victor Negrete; M; 15; 0; 0; 0; 1; 17; 0; 7; 0; 5; 0; 0; 0; 0; 0



Team: Philadelphia KiXX

Hewerton Moreira; F,G; 9; 0; 0; 17; 9; 44; 0; 10; 2; 2; 3; 0; 2; 0; 38.6
Pat Morris; G,D; 18; 0; 0; 17; 11; 57; 0; 10; 9; 18; 3; 1; 0; 0; 29.8
Anthony Maher; F,; 15; 0; 0; 15; 13; 52; 0; 37; 11; 9; 2; 0; 3; 0; 28.8
Ptah Myers; F,M,D,G; 18; 0; 0; 13; 7; 61; 0; 16; 4; 10; 1; 0; 0; 0; 21.3
Ricardinho; M; 17; 0; 0; 13; 22; 46; 0; 18; 6; 5; 3; 0; 1; 0; 28.3
Don D'Ambra; F; 16; 0; 0; 9; 10; 40; 0; 26; 2; 8; 4; 0; 1; 0; 22.5
David Castellanos; F; 14; 0; 0; 8; 3; 31; 0; 19; 5; 9; 0; 0; 1; 1; 25.8
Ryan Heins; D; 14; 0; 0; 6; 1; 29; 0; 20; 0; 8; 0; 0; 0; 0; 20.7
Jeremy Ortiz; M,F,G; 18; 0; 0; 5; 4; 21; 0; 17; 14; 5; 0; 0; 1; 0; 23.8
Angel Rivillo; M-F; 15; 0; 0; 4; 7; 33; 0; 23; 5; 9; 0; 0; 1; 0; 12.1
John Nusum; F; 10; 0; 0; 4; 3; 18; 0; 9; 0; 5; 0; 0; 0; 0; 22.2
Sandre Naumoski; M,F; 5; 0; 0; 2; 1; 7; 0; 5; 5; 2; 2; 0; 0; 0; 28.6
Joe Di Buono; D; 15; 0; 0; 2; 1; 21; 0; 11; 4; 14; 1; 0; 0; 0; 9.5
Clay Roberts; D; 12; 0; 0; 1; 0; 3; 0; 13; 4; 5; 0; 0; 0; 0; 33.3
Jorge Vallejo; ; 11; 0; 0; 1; 1; 8; 0; 10; 0; 5; 0; 0; 0; 0; 12.5
Lee Tschantret; F; 15; 0; 0; 1; 1; 11; 0; 20; 12; 18; 0; 0; 0; 0; 9.1
Bench; ; 18; 0; 0; 0; 0; 0; 0; 0; 2; 0; 0; 0; 0; 0; 
Kevin Coleman; D; 12; 0; 0; 0; 1; 1; 0; 11; 6; 2; 0; 0; 0; 0; 0
Matthew Maher; D; 5; 0; 0; 0; 3; 4; 0; 7; 0; 3; 0; 0; 0; 0; 0
Nick Hovaker; G; 6; 0; 0; 0; 0; 0; 0; 0; 0; 0; 0; 0; 0; 0; 
Pete Pappas; GK; 18; 0; 0; 0; 3; 1; 0; 0; 2; 2; 0; 0; 0; 0; 0



Team: Rockford Rampage

Matthew Stewart; F,M; 16; 0; 0; 22; 7; 52; 0; 12; 14; 10; 6; 1; 2; 0; 42.3
Bato Radoncic; G,F; 18; 0; 0; 17; 4; 54; 0; 39; 6; 5; 0; 1; 0; 0; 31.5
Enrique Tovar; F,M,D; 18; 0; 0; 10; 7; 24; 0; 11; 14; 6; 1; 0; 1; 0; 41.7
Jamar Beasley; M; 14; 0; 0; 9; 4; 38; 0; 13; 0; 5; 0; 2; 1; 0; 23.7
Geison Moura; M; 15; 0; 0; 8; 2; 27; 0; 14; 7; 3; 0; 0; 0; 0; 29.6
Jorge Valle; F; 16; 0; 0; 7; 6; 24; 0; 31; 9; 7; 0; 0; 0; 0; 29.2
Gary Brooks; F,M; 12; 0; 0; 6; 4; 21; 0; 16; 29; 5; 1; 0; 2; 0; 28.6
Ibrahim Kante; F; 18; 0; 0; 6; 7; 46; 0; 25; 12; 19; 1; 0; 1; 0; 13
Semir Mesanovic; M,F; 18; 0; 0; 6; 11; 30; 0; 19; 14; 7; 2; 0; 0; 0; 20
Dino Delevski; M; 6; 0; 0; 5; 6; 23; 0; 5; 5; 0; 1; 0; 0; 0; 21.7
Novica Marojevic; F,G; 18; 0; 0; 4; 19; 38; 0; 12; 7; 5; 3; 0; 0; 0; 10.5
Tijani Ayegbusi; D; 17; 0; 0; 4; 1; 14; 0; 34; 24; 28; 0; 0; 0; 0; 28.6
Eric Lukin; D,F,M; 18; 0; 0; 4; 4; 29; 0; 28; 8; 11; 0; 0; 1; 0; 13.8
Fred DeGand; D; 17; 0; 0; 3; 3; 21; 0; 30; 20; 18; 0; 0; 1; 1; 14.3
Ante Cop; D,G; 9; 0; 0; 3; 3; 11; 0; 9; 12; 4; 0; 0; 0; 0; 27.3
Marco Sullo; D,M,F; 18; 0; 0; 2; 3; 15; 0; 14; 2; 4; 0; 0; 0; 0; 13.3
Roberto Gallo; D; 11; 0; 0; 2; 1; 7; 0; 11; 6; 14; 0; 0; 1; 0; 28.6
Sanaldo; GK; 18; 0; 0; 0; 0; 0; 0; 1; 2; 0; 0; 0; 0; 0; 
Samuel Ogunsanya; D; 7; 0; 0; 0; 0; 1; 0; 6; 0; 2; 0; 0; 0; 0; 0
Andre Berenzon; F,M; 4; 0; 0; 0; 0; 11; 0; 0; 0; 0; 0; 0; 0; 0; 0
Bench; ; 18; 0; 0; 0; 0; 0; 0; 0; 8; 0; 0; 0; 0; 0; 


Competition: Major Indoor Soccer League (2008-2014)

Season: 2009-2010

Team: Baltimore Blast

Lucio Gonzaga; F,M,D; 19; 0; 0; 17; 6; 59; 0; 26; 14; 10; 2; 0; 2; 0; 28.8
Machel Millwood; F; 16; 0; 0; 15; 9; 74; 0; 21; 4; 4; 1; 0; 1; 0; 20.3
Max Ferdinand; M,F,G; 18; 0; 0; 14; 5; 43; 0; 20; 6; 6; 1; 0; 4; 0; 32.6
Denison Cabral; F; 19; 0; 0; 13; 8; 58; 0; 11; 2; 5; 4; 0; 0; 0; 22.4
Giuliano Celenza; F; 18; 0; 0; 11; 9; 52; 0; 13; 9; 3; 5; 0; 2; 0; 21.2
Robbie Aristodemo; M; 20; 0; 0; 7; 11; 30; 0; 11; 2; 26; 1; 0; 0; 0; 23.3
Jonathan Greenfield; D,G,M,F; 12; 0; 0; 6; 1; 23; 0; 12; 9; 13; 0; 0; 1; 0; 26.1
Patrick Healey; G,D,M; 20; 0; 0; 6; 6; 30; 0; 22; 4; 11; 0; 0; 0; 0; 20
Rod Dyachenko; M,F; 18; 0; 0; 6; 7; 31; 0; 39; 7; 4; 0; 0; 1; 0; 19.4
Michael Lookingland; D; 21; 0; 0; 4; 7; 36; 0; 14; 8; 22; 0; 0; 0; 0; 11.1
Adrian Bumbut; F; 14; 0; 0; 3; 2; 13; 0; 13; 0; 4; 0; 0; 0; 0; 23.1
Billy Nelson; D; 20; 0; 0; 2; 3; 11; 0; 14; 2; 22; 0; 0; 0; 0; 18.2
Carlos Garcia; F; 8; 0; 0; 1; 4; 20; 0; 16; 6; 8; 0; 0; 0; 0; 5
Ryan Pierce; D; 18; 0; 0; 0; 0; 6; 0; 13; 7; 15; 0; 0; 0; 0; 0
Dave Kern; G,F; 6; 0; 0; 0; 0; 2; 0; 0; 4; 0; 0; 0; 0; 0; 0
Adriano Dos Santos; F; 2; 0; 0; 0; 0; 2; 0; 2; 0; 0; 0; 0; 0; 0; 0
Fabio Ribeiro; D,M,G; 3; 0; 0; 0; 0; 8; 0; 4; 0; 9; 0; 0; 0; 0; 0
Zack Wilkes; D,G; 10; 0; 0; 0; 3; 5; 0; 13; 7; 11; 0; 0; 0; 0; 0
Scott Buete; M; 17; 0; 0; 0; 3; 15; 0; 11; 6; 9; 0; 0; 0; 0; 0
Logan Alexander; D; 1; 0; 0; 0; 0; 0; 0; 0; 0; 0; 0; 0; 0; 0; 
Sagu; GK; 14; 0; 0; 0; 2; 2; 0; 5; 4; 0; 0; 0; 0; 0; 0


Team: Milwaukee Wave

Marco Terminesi; M,F; 9; 0; 0; 13; 6; 40; 0; 8; 0; 1; 2; 0; 2; 0; 32.5
Giuliano Oliviero; M,F; 19; 0; 0; 13; 10; 50; 0; 26; 14; 8; 3; 0; 1; 0; 26
Ian Bennett; M,F; 20; 0; 0; 12; 2; 69; 0; 23; 7; 10; 1; 0; 0; 0; 17.4
Kyriakis Selaidopoulos; M,G,C; 19; 0; 0; 11; 12; 37; 0; 14; 8; 5; 2; 0; 2; 0; 29.7
Josh Rife; D,G; 21; 0; 0; 11; 4; 42; 0; 8; 6; 36; 4; 0; 2; 0; 26.2
Ryan Mack; M,F,C; 19; 0; 0; 8; 4; 81; 0; 24; 6; 14; 0; 0; 1; 0; 9.9
Travis MacKenzie; M; 20; 0; 0; 7; 12; 36; 0; 14; 2; 8; 0; 0; 2; 0; 19.4
Brett Wiesner; M; 14; 0; 0; 6; 2; 23; 0; 9; 0; 9; 0; 0; 0; 0; 26.1
Marcelo Fontana; M,F; 14; 0; 0; 6; 7; 23; 0; 16; 2; 4; 3; 0; 2; 0; 26.1
Troy Dusosky; G,D; 17; 0; 0; 5; 13; 46; 0; 24; 6; 17; 1; 0; 0; 0; 10.9
Kyle Lance; M; 19; 0; 0; 5; 3; 16; 0; 14; 4; 3; 0; 0; 0; 0; 31.3
Joe Hammes; D; 17; 0; 0; 4; 3; 29; 0; 30; 10; 31; 0; 0; 2; 0; 13.8
Hewerton Moreira; F,G; 8; 0; 0; 3; 3; 14; 0; 4; 2; 5; 0; 0; 0; 0; 21.4
J.P. Rodrigues; D; 21; 0; 0; 3; 3; 19; 0; 18; 16; 25; 0; 0; 0; 0; 15.8
Tenzin Rampa; F; 8; 0; 0; 2; 4; 9; 0; 10; 0; 1; 0; 0; 0; 0; 22.2
Tom Oatley; D,M; 8; 0; 0; 2; 3; 17; 0; 12; 2; 4; 0; 0; 0; 0; 11.8
Jonatan Santos; G,D; 12; 0; 0; 2; 6; 17; 0; 18; 4; 12; 0; 0; 0; 0; 11.8
Marcel Feenstra; G; 9; 0; 0; 0; 0; 0; 0; 0; 0; 0; 0; 0; 0; 0; 
Pablo da Silva; M,F; 1; 0; 0; 0; 0; 0; 0; 0; 0; 1; 0; 0; 0; 0; 
Nick Vorberg; GK; 12; 0; 0; 0; 0; 0; 0; 3; 4; 0; 0; 0; 0; 0; 
Alex Megson; F,G; 1; 0; 0; 0; 0; 2; 0; 3; 2; 0; 0; 0; 0; 0; 0
Marcio Leite; F,M; 1; 0; 0; 0; 0; 0; 0; 0; 0; 0; 0; 0; 0; 0; 
Nathan Sabich; D; 17; 0; 0; 0; 2; 6; 0; 8; 2; 9; 0; 0; 0; 0; 0


Team: Monterrey La Raza

Genoni Martinez; D; 20; 0; 0; 20; 13; 124; 0; 19; 10; 34; 4; 0; 2; 0; 16.1
Carlos Farias; M; 21; 0; 0; 16; 17; 98; 0; 12; 14; 10; 1; 0; 0; 0; 16.3
Mark Ughy; F; 19; 0; 0; 14; 6; 79; 0; 29; 12; 6; 1; 0; 1; 0; 17.7
Byron Alvarez; F; 14; 0; 0; 11; 6; 40; 0; 22; 16; 3; 1; 0; 1; 0; 27.5
Shaun David; F; 10; 0; 0; 8; 1; 26; 0; 7; 11; 4; 1; 0; 1; 0; 30.8
Victor Quiroz; G,M,D; 20; 0; 0; 7; 9; 35; 0; 19; 4; 10; 0; 0; 0; 0; 20
Jorge Duran; M,F; 15; 0; 0; 6; 1; 32; 0; 1; 5; 3; 1; 0; 1; 0; 18.8
Hector Vallejo; M,F,D; 19; 0; 0; 6; 3; 28; 0; 7; 2; 7; 1; 0; 1; 0; 21.4
Armando Teran; M; 20; 0; 0; 5; 1; 17; 0; 16; 9; 17; 0; 0; 0; 0; 29.4
John Krause; D; 7; 0; 0; 5; 2; 23; 0; 6; 0; 9; 0; 0; 1; 0; 21.7
Evan McNeley; D; 17; 0; 0; 4; 1; 24; 0; 20; 14; 33; 0; 0; 2; 0; 16.7
Angel Hernandez; D; 19; 0; 0; 3; 2; 34; 0; 18; 8; 10; 0; 0; 0; 0; 8.8
Yotsi Olvera; M; 8; 0; 0; 3; 0; 9; 0; 3; 2; 1; 0; 0; 0; 0; 33.3
Angel Garcia; D; 17; 0; 0; 3; 2; 10; 0; 4; 2; 8; 0; 0; 0; 0; 30
Alejandro Morales; M,F; 14; 0; 0; 1; 0; 6; 0; 18; 2; 3; 0; 0; 0; 0; 16.7
Jose Bontti; G; 16; 0; 0; 1; 2; 4; 0; 5; 11; 0; 0; 0; 0; 0; 25
Victor Santibanez; D; 16; 0; 0; 1; 1; 5; 0; 19; 2; 10; 0; 0; 0; 0; 20
Ibrahim Kante; F; 4; 0; 0; 1; 5; 16; 0; 6; 2; 4; 0; 0; 0; 0; 6.3
Juninho Da Silva; M; 2; 0; 0; 0; 0; 0; 0; 0; 0; 0; 0; 0; 0; 0; 
Steve Reese; G; 4; 0; 0; 0; 0; 0; 0; 0; 2; 0; 0; 0; 0; 0; 
Ivan Paredes; M; 14; 0; 0; 0; 1; 5; 0; 5; 4; 1; 0; 0; 0; 0; 0
Jose Luiz Birche; D; 2; 0; 0; 0; 0; 0; 0; 0; 0; 0; 0; 0; 0; 0; 
David Oteo; D; 4; 0; 0; 0; 0; 1; 0; 0; 0; 0; 0; 0; 0; 0; 0


Team: Philadelphia KiXX

Pat Morris; G,D; 24; 0; 0; 20; 3; 71; 0; 7; 0; 36; 4; 0; 1; 0; 28.2
Adauto Neto; F; 20; 0; 0; 18; 28; 91; 0; 39; 2; 5; 3; 0; 1; 0; 19.8
Ptah Myers; F,M,D,G; 17; 0; 0; 12; 3; 41; 0; 31; 8; 10; 6; 0; 0; 0; 29.3
Anthony Maher; F,; 11; 0; 0; 11; 3; 24; 0; 19; 4; 9; 1; 0; 0; 0; 45.8
Sandre Naumoski; M,F; 20; 0; 0; 10; 9; 39; 0; 24; 14; 17; 1; 0; 2; 0; 25.6
Don D'Ambra; F; 9; 0; 0; 8; 4; 39; 0; 12; 0; 4; 2; 0; 0; 0; 20.5
Leo Gibson; F,G,D; 9; 0; 0; 7; 1; 20; 0; 11; 7; 9; 0; 0; 1; 0; 35
Ryan Heins; D; 20; 0; 0; 7; 3; 27; 0; 15; 7; 27; 0; 0; 1; 0; 25.9
Semir Mesanovic; M,F; 6; 0; 0; 7; 3; 29; 0; 5; 5; 4; 1; 0; 1; 0; 24.1
Jeremy Ortiz; M,F,G; 13; 0; 0; 5; 1; 14; 0; 10; 11; 8; 0; 0; 0; 0; 35.7
Ricardinho; M; 19; 0; 0; 5; 15; 32; 0; 16; 9; 13; 0; 0; 0; 0; 15.6
Joe Di Buono; D; 18; 0; 0; 3; 2; 30; 0; 12; 2; 14; 1; 0; 1; 0; 10
Rey Martinez; F,D; 11; 0; 0; 3; 1; 13; 0; 9; 7; 8; 0; 0; 0; 0; 23.1
Joe Taylor; M; 7; 0; 0; 2; 0; 4; 0; 2; 2; 1; 0; 0; 0; 0; 50
Kevin Coleman; D; 11; 0; 0; 2; 1; 4; 0; 13; 4; 6; 0; 0; 0; 0; 50
Angel Rivillo; M-F; 10; 0; 0; 1; 2; 9; 0; 15; 9; 8; 0; 0; 0; 0; 11.1
David Castellanos; F; 10; 0; 0; 1; 3; 13; 0; 8; 0; 5; 0; 0; 0; 0; 7.7
Clay Roberts; D; 12; 0; 0; 0; 0; 10; 0; 17; 6; 11; 0; 0; 0; 0; 0
Tijani Ayegbusi; D; 7; 0; 0; 0; 0; 5; 0; 16; 6; 9; 0; 0; 0; 0; 0
Nick Hovaker; G; 5; 0; 0; 0; 0; 1; 0; 1; 2; 0; 0; 0; 0; 0; 0
Gary Brooks; F,M; 6; 0; 0; 0; 1; 4; 0; 8; 2; 4; 0; 0; 0; 0; 0
Sanaldo; GK; 15; 0; 0; 0; 5; 1; 0; 1; 10; 0; 0; 0; 0; 0; 0
Pete Rowley; F,D; 1; 0; 0; 0; 0; 0; 0; 2; 4; 0; 0; 0; 0; 0; 
Shawn Boney; F; 8; 0; 0; 0; 3; 7; 0; 6; 6; 2; 0; 0; 0; 0; 0
Will Kletzien; G,D; 17; 0; 0; 0; 2; 6; 0; 15; 5; 16; 0; 0; 0; 0; 0


Season: 2010-2011

Team: Baltimore Blast

Patrick Healey; G,D,M; 21; 0; 0; 17; 13; 44; 0; 15; 6; 18; 2; 0; 0; 0; 38.6
Pat Morris; G,D; 20; 0; 0; 16; 6; 62; 0; 13; 2; 36; 4; 0; 1; 0; 25.8
Max Ferdinand; M,F,G; 20; 0; 0; 14; 11; 72; 0; 25; 4; 3; 1; 0; 3; 0; 19.4
Machel Millwood; F; 16; 0; 0; 13; 15; 65; 0; 14; 2; 5; 3; 0; 2; 0; 20
Giuliano Celenza; F; 18; 0; 0; 11; 6; 67; 0; 11; 11; 7; 2; 0; 1; 0; 16.4
Lucio Gonzaga; F,M,D; 17; 0; 0; 10; 3; 57; 0; 17; 2; 2; 0; 0; 2; 0; 17.5
Adauto Neto; F; 11; 0; 0; 10; 4; 25; 0; 14; 0; 3; 4; 0; 2; 0; 40
Robbie Aristodemo; M; 23; 0; 0; 10; 5; 35; 0; 5; 2; 21; 0; 0; 1; 0; 28.6
Worteh Sampson; F; 14; 0; 0; 8; 8; 29; 0; 12; 2; 0; 0; 0; 0; 0; 27.6
Warren Ukah; F; 17; 0; 0; 5; 8; 30; 0; 30; 17; 4; 0; 0; 2; 0; 16.7
Matt Watson; M; 18; 0; 0; 5; 4; 28; 0; 20; 2; 4; 0; 0; 0; 0; 17.9
Carlos Garcia; F; 19; 0; 0; 4; 6; 36; 0; 31; 13; 14; 0; 0; 0; 0; 11.1
Michael Lookingland; D; 20; 0; 0; 4; 7; 33; 0; 13; 4; 35; 0; 0; 0; 0; 12.1
Adrian Bumbut; F; 7; 0; 0; 2; 0; 5; 0; 1; 0; 0; 0; 0; 1; 0; 40
Zack Wilkes; D,G; 19; 0; 0; 2; 3; 11; 0; 16; 9; 11; 0; 0; 0; 0; 18.2
Scott Buete; M; 4; 0; 0; 0; 1; 3; 0; 3; 0; 2; 0; 0; 0; 0; 0
Sagu; GK; 18; 0; 0; 0; 2; 4; 0; 1; 0; 0; 0; 0; 0; 0; 0
Billy Nelson; D; 17; 0; 0; 0; 2; 10; 0; 10; 4; 15; 0; 0; 0; 0; 0
Nick Hovaker; G; 2; 0; 0; 0; 0; 0; 0; 0; 0; 0; 0; 0; 0; 0; 


Team: Chicago Riot

Bato Radoncic; G,F; 19; 0; 0; 20; 9; 79; 0; 41; 4; 8; 2; 0; 0; 0; 25.3
Alex Megson; F,G; 18; 0; 0; 9; 2; 30; 0; 15; 9; 7; 0; 0; 0; 0; 30
Eric Lukin; D,F,M; 18; 0; 0; 9; 4; 50; 0; 35; 12; 10; 0; 0; 1; 0; 18
Semir Mesanovic; M,F; 19; 0; 0; 8; 6; 67; 0; 17; 6; 13; 2; 0; 2; 0; 11.9
Miodrag Djerisilo; C,M; 17; 0; 0; 8; 5; 45; 0; 20; 9; 6; 1; 0; 0; 0; 17.8
Novica Marojevic; F,G; 21; 0; 0; 7; 9; 51; 0; 6; 9; 5; 3; 0; 0; 0; 13.7
Fred DeGand; D; 19; 0; 0; 6; 9; 39; 0; 27; 25; 12; 1; 0; 0; 0; 15.4
Eric Duda; D; 18; 0; 0; 5; 3; 28; 0; 4; 0; 12; 0; 0; 0; 0; 17.9
Anthony Maher; F,; 5; 0; 0; 4; 5; 15; 0; 13; 16; 2; 0; 0; 0; 0; 26.7
Ante Cop; D,G; 23; 0; 0; 3; 3; 15; 0; 5; 11; 11; 0; 0; 2; 0; 20
Edward Santeliz; F; 11; 0; 0; 3; 4; 17; 0; 13; 4; 5; 0; 0; 0; 0; 17.6
Roberto Gallo; D; 16; 0; 0; 3; 2; 21; 0; 17; 6; 16; 0; 0; 0; 0; 14.3
Chris Brisson; D; 8; 0; 0; 3; 2; 7; 0; 3; 0; 8; 0; 0; 0; 0; 42.9
Will Kletzien; G,D; 20; 0; 0; 2; 2; 25; 0; 15; 18; 39; 0; 0; 0; 0; 8
Sandre Naumoski; M,F; 13; 0; 0; 2; 2; 32; 0; 13; 2; 6; 0; 0; 0; 0; 6.3
Marco Sullo; D,M,F; 19; 0; 0; 2; 4; 24; 0; 26; 8; 10; 0; 0; 0; 0; 8.3
Brandon Corday; M; 5; 0; 0; 1; 0; 2; 0; 3; 0; 2; 0; 0; 0; 0; 50
Dorin Oprea; M; 1; 0; 0; 1; 0; 4; 0; 1; 0; 1; 0; 0; 0; 0; 25
Andre Berenzon; F,M; 8; 0; 0; 1; 0; 11; 0; 2; 2; 3; 0; 0; 0; 0; 9.1
Ptah Myers; F,M,D,G; 6; 0; 0; 1; 1; 9; 0; 9; 11; 4; 0; 0; 0; 0; 11.1
Jeff Richey; G; 13; 0; 0; 0; 0; 0; 0; 0; 5; 0; 0; 0; 0; 0; 
Betim Bekteshi; D; 7; 0; 0; 0; 0; 2; 0; 0; 2; 0; 0; 0; 0; 0; 0
Vladimir Knezevic; F,D; 3; 0; 0; 0; 1; 6; 0; 0; 0; 1; 0; 0; 0; 0; 0
Zlatko Zebic; F; 1; 0; 0; 0; 0; 0; 0; 1; 0; 0; 0; 0; 0; 0; 


Team: Milwaukee Wave

Marco Terminesi; M,F; 19; 0; 0; 25; 19; 113; 0; 17; 2; 10; 8; 0; 5; 0; 22.1
Hewerton Moreira; F,G; 20; 0; 0; 17; 6; 67; 0; 27; 14; 8; 3; 0; 1; 0; 25.4
Giuliano Oliviero; M,F; 20; 0; 0; 17; 12; 61; 0; 12; 2; 4; 9; 0; 1; 0; 27.9
Marcio Leite; F,M; 15; 0; 0; 9; 13; 62; 0; 16; 2; 3; 1; 0; 1; 0; 14.5
Travis MacKenzie; M; 18; 0; 0; 8; 3; 26; 0; 14; 0; 8; 1; 0; 2; 0; 30.8
Matthew Stewart; F,M; 11; 0; 0; 7; 3; 28; 0; 11; 0; 6; 0; 0; 0; 0; 25
Ian Bennett; M,F; 19; 0; 0; 6; 7; 46; 0; 20; 6; 8; 0; 0; 1; 0; 13
Josh Rife; D,G; 20; 0; 0; 5; 2; 27; 0; 22; 2; 20; 1; 0; 0; 0; 18.5
Ryan Mack; M,F,C; 13; 0; 0; 5; 5; 39; 0; 15; 2; 8; 0; 0; 1; 0; 12.8
Evan McNeley; D; 18; 0; 0; 5; 8; 30; 0; 17; 4; 16; 0; 0; 0; 0; 16.7
J.P. Rodrigues; D; 18; 0; 0; 4; 3; 23; 0; 12; 8; 13; 0; 0; 1; 0; 17.4
Greg Howes; F; 3; 0; 0; 3; 6; 16; 0; 2; 0; 3; 0; 0; 0; 0; 18.8
Joe Hammes; D; 15; 0; 0; 3; 5; 25; 0; 24; 16; 18; 0; 0; 0; 0; 12
Troy Dusosky; G,D; 17; 0; 0; 3; 3; 21; 0; 25; 6; 16; 0; 0; 0; 0; 14.3
Kyriakis Selaidopoulos; M,G,C; 10; 0; 0; 3; 4; 17; 0; 3; 2; 4; 0; 0; 0; 0; 17.6
Tom Oatley; D,M; 13; 0; 0; 3; 5; 18; 0; 17; 6; 19; 0; 0; 0; 0; 16.7
Jonathan Greenfield; D,G,M,F; 15; 0; 0; 2; 4; 27; 0; 6; 9; 16; 0; 0; 2; 0; 7.4
Tenzin Rampa; F; 8; 0; 0; 1; 1; 11; 0; 12; 2; 4; 0; 0; 0; 0; 9.1
Pablo; M,F; 2; 0; 0; 0; 0; 2; 0; 4; 0; 1; 0; 0; 0; 0; 0
Jonatan Santos; G,D; 3; 0; 0; 0; 0; 1; 0; 3; 0; 4; 0; 0; 0; 0; 0
Marcel Feenstra; G; 7; 0; 0; 0; 2; 0; 0; 0; 0; 0; 0; 0; 0; 0; 
Nick Vorberg; GK; 13; 0; 0; 0; 2; 2; 0; 0; 0; 0; 0; 0; 0; 0; 0
Kyle Lance; M; 9; 0; 0; 0; 3; 5; 0; 5; 0; 2; 0; 0; 0; 0; 0
Brett Wiesner; M; 2; 0; 0; 0; 0; 0; 0; 0; 0; 0; 0; 0; 0; 0; 


Team: Missouri Comets

Byron Alvarez; F; 20; 0; 0; 33; 12; 97; 0; 24; 15; 5; 6; 0; 5; 0; 34
Jamar Beasley; M; 20; 0; 0; 20; 12; 78; 0; 12; 0; 2; 2; 0; 3; 0; 25.6
Leo Gibson; F,G,D; 20; 0; 0; 14; 13; 80; 0; 42; 6; 20; 4; 0; 0; 0; 17.5
Vahid Assadpour; F,G,M; 31; 0; 0; 11; 10; 78; 0; 31; 6; 12; 2; 0; 0; 0; 14.1
Geison; M; 16; 0; 0; 11; 10; 67; 0; 20; 11; 11; 1; 0; 0; 0; 16.4
Lucas Rodriguez; G,F,M; 17; 0; 0; 6; 7; 31; 0; 6; 2; 10; 1; 0; 0; 0; 19.4
Tiguinho; F,G,M; 12; 0; 0; 4; 4; 20; 0; 13; 4; 4; 0; 0; 0; 0; 20
Brian Harris; D; 20; 0; 0; 2; 2; 37; 0; 22; 14; 20; 0; 0; 0; 0; 5.4
Mirsad Dzilic; G,F; 13; 0; 0; 2; 0; 30; 0; 3; 4; 1; 0; 0; 0; 0; 6.7
Bryan Perez; M,F; 20; 0; 0; 1; 1; 12; 0; 10; 2; 4; 0; 0; 0; 0; 8.3
Jamie Harding; G,D; 13; 0; 0; 1; 3; 4; 0; 3; 0; 6; 0; 0; 0; 0; 25
Stefan Stokic; D,M; 14; 0; 0; 1; 3; 6; 0; 8; 11; 10; 0; 0; 0; 0; 16.7
Birche Luiz; F; 9; 0; 0; 1; 3; 30; 0; 13; 6; 3; 1; 0; 0; 0; 3.3
John Will; F; 3; 0; 0; 1; 1; 10; 0; 0; 0; 1; 0; 0; 0; 0; 10
Nick Kelly; M; 9; 0; 0; 1; 1; 3; 0; 1; 2; 1; 0; 0; 0; 0; 33.3
Tony Avery; F; 4; 0; 0; 1; 0; 3; 0; 3; 0; 1; 0; 0; 0; 0; 33.3
Danny Waltman; G; 18; 0; 0; 1; 0; 2; 0; 1; 4; 0; 0; 0; 0; 0; 50
Carlos Olivas; F; 5; 0; 0; 1; 0; 5; 0; 2; 0; 0; 0; 0; 0; 0; 20
Oliver Dyson; D; 2; 0; 0; 0; 0; 2; 0; 1; 0; 3; 0; 0; 0; 0; 0
Levi Coleman; F; 4; 0; 0; 0; 0; 0; 0; 3; 0; 0; 0; 0; 0; 0; 
Boris Pardo; GK; 2; 0; 0; 0; 0; 0; 0; 1; 0; 0; 0; 0; 0; 0; 
Jeff Davis; D; 6; 0; 0; 0; 0; 2; 0; 4; 2; 5; 0; 0; 0; 0; 0
Coady Andrews; D; 2; 0; 0; 0; 0; 0; 0; 0; 0; 0; 0; 0; 0; 0; 
Anthony Maher; F,; 1; 0; 0; 0; 1; 0; 0; 2; 2; 0; 0; 0; 0; 0; 
Shahryar Dastan; D; 8; 0; 0; 0; 1; 2; 0; 11; 0; 6; 0; 0; 0; 0; 0
Matt Iverson; M; 6; 0; 0; 0; 1; 1; 0; 0; 0; 2; 0; 0; 0; 0; 0
Chaz O'Dell; F; 1; 0; 0; 0; 0; 0; 0; 0; 0; 0; 0; 0; 0; 0; 
Nate Houser; F; 6; 0; 0; 0; 0; 6; 0; 6; 2; 5; 0; 0; 0; 0; 0
Casey Barton; D; 6; 0; 0; 0; 0; 5; 0; 3; 2; 4; 0; 0; 0; 0; 0


Team: Omaha Vipers

Johnny Torres; F; 17; 0; 0; 17; 4; 71; 0; 20; 8; 3; 5; 0; 2; 0; 23.9
Carlos Farias; M; 15; 0; 0; 17; 10; 94; 0; 21; 33; 9; 2; 0; 2; 0; 18.1
Ricardo Cavalcante; M,G; 17; 0; 0; 8; 2; 25; 0; 10; 8; 4; 1; 0; 1; 0; 32
Ryan Junge; D; 20; 0; 0; 8; 3; 64; 0; 14; 2; 9; 0; 0; 1; 0; 12.5
Andre Gustavo Sandri Silva; M; 14; 0; 0; 8; 2; 30; 0; 19; 2; 3; 1; 0; 0; 0; 26.7
Frederico Moojen; F,G; 19; 0; 0; 8; 6; 67; 0; 22; 6; 10; 3; 0; 0; 0; 11.9
Mauricio Hernandez; M; 20; 0; 0; 7; 1; 39; 0; 11; 7; 7; 0; 0; 0; 0; 17.9
Victor Quiroz; G,M,D; 23; 0; 0; 5; 5; 53; 0; 19; 8; 9; 1; 0; 1; 0; 9.4
Shaun David; F; 9; 0; 0; 3; 2; 28; 0; 3; 7; 4; 0; 0; 0; 0; 10.7
Tijani Ayegbusi; D; 20; 0; 0; 2; 2; 23; 0; 35; 15; 22; 0; 0; 0; 0; 8.7
Aurinei Parisotto; M,D; 20; 0; 0; 2; 2; 24; 0; 4; 5; 16; 1; 0; 0; 0; 8.3
Fabio Ribeiro; D,M,G; 18; 0; 0; 1; 7; 66; 0; 28; 15; 18; 0; 0; 0; 0; 1.5
Chris Brunt; D; 18; 0; 0; 1; 3; 40; 0; 16; 26; 7; 0; 0; 0; 0; 2.5
Eduardo Suarez; D; 13; 0; 0; 1; 0; 20; 0; 7; 2; 3; 0; 0; 0; 0; 5
Marcelo Fontana; M,F; 5; 0; 0; 1; 0; 5; 0; 1; 0; 1; 0; 0; 0; 0; 20
Paulo Le Petit; M; 4; 0; 0; 1; 2; 15; 0; 2; 4; 1; 0; 0; 0; 0; 6.7
Kyle Kirkland; ; 1; 0; 0; 0; 0; 1; 0; 1; 0; 0; 0; 0; 0; 0; 0
Joshua Miller; G; 4; 0; 0; 0; 0; 0; 0; 0; 0; 0; 0; 0; 0; 0; 
Emmanuel Viel; M; 2; 0; 0; 0; 0; 0; 0; 0; 0; 0; 0; 0; 0; 0; 
Lee Nakamoto; M; 1; 0; 0; 0; 0; 2; 0; 0; 2; 0; 0; 0; 0; 0; 0
Ibrahim Kante; F; 10; 0; 0; 0; 1; 13; 0; 11; 2; 7; 0; 0; 0; 0; 0
Jose Bontti; G; 14; 0; 0; 0; 2; 1; 0; 0; 11; 0; 0; 0; 0; 0; 0
Manuel Biel; D; 1; 0; 0; 0; 0; 0; 0; 0; 0; 0; 0; 0; 0; 0; 
Aaron Polak; D; 15; 0; 0; 0; 1; 12; 0; 5; 4; 6; 0; 0; 0; 0; 0
Sanaldo Freitas de Carvalho; G; 2; 0; 0; 0; 1; 0; 0; 0; 4; 0; 0; 0; 0; 0; 



Season: 2011-2012

Team: Baltimore Blast

Machel Millwood; F; 24; 0; 0; 26; 16; 107; 0; 22; 4; 6; 4; 0; 1; 0; 24.3
Max Ferdinand; M,F,G; 24; 0; 0; 23; 25; 76; 0; 26; 9; 13; 1; 0; 2; 0; 30.3
Carlos Garcia; F; 23; 0; 0; 18; 11; 53; 0; 25; 22; 7; 1; 0; 1; 0; 34
Adauto Neto; F; 23; 0; 0; 15; 18; 67; 0; 28; 4; 3; 5; 0; 4; 0; 22.4
J.T. Noone; M,F; 24; 0; 0; 14; 5; 42; 0; 10; 4; 9; 0; 0; 1; 0; 33.3
Michael Lookingland; D; 26; 0; 0; 12; 8; 76; 0; 26; 2; 30; 2; 0; 2; 0; 15.8
Stephen deRoux; M-D; 24; 0; 0; 10; 1; 32; 0; 40; 12; 10; 0; 0; 2; 0; 31.3
Shaun David; F; 19; 0; 0; 10; 7; 35; 0; 11; 13; 9; 0; 0; 1; 0; 28.6
Patrick Healey; G,D,M; 24; 0; 0; 9; 9; 35; 0; 18; 4; 33; 1; 0; 2; 0; 25.7
Adriano Dos Santos; F; 24; 0; 0; 6; 7; 26; 0; 30; 0; 14; 0; 0; 0; 0; 23.1
Ricardinho; M; 14; 0; 0; 5; 5; 15; 0; 6; 5; 4; 0; 0; 0; 0; 33.3
Ptah Myers; F,M,D,G; 23; 0; 0; 4; 3; 23; 0; 17; 0; 18; 0; 0; 0; 0; 17.4
Matt Watson; M; 10; 0; 0; 4; 3; 21; 0; 8; 2; 8; 0; 0; 0; 0; 19
Mike Deasel; D; 20; 0; 0; 4; 4; 10; 0; 13; 6; 5; 0; 0; 1; 0; 40
Warren Ukah; F; 11; 0; 0; 3; 7; 19; 0; 15; 0; 1; 0; 0; 1; 0; 15.8
Nicki Paterson; M; 4; 0; 0; 2; 1; 9; 0; 4; 0; 1; 0; 0; 0; 0; 22.2
Sagu; GK; 20; 0; 0; 0; 0; 0; 0; 3; 10; 0; 0; 0; 0; 0; 
Scott Buete; M; 22; 0; 0; 0; 1; 6; 0; 16; 11; 13; 0; 0; 0; 0; 0
Akira Fitzgerald; G; 4; 0; 0; 0; 0; 0; 0; 2; 2; 0; 0; 0; 0; 0; 


Team: Milwaukee Wave

Greg Howes; F; 24; 0; 0; 21; 21; 80; 0; 18; 4; 8; 0; 0; 2; 0; 26.3
Ian Bennett; M,F; 24; 0; 0; 19; 13; 97; 0; 17; 2; 9; 2; 0; 1; 0; 19.6
Marcio Leite; F,M; 23; 0; 0; 17; 20; 91; 0; 19; 11; 7; 2; 0; 1; 0; 18.7
Nicolas Perera; F,M; 24; 0; 0; 16; 14; 42; 0; 44; 11; 7; 0; 0; 4; 0; 38.1
Giuliano Oliviero; M,F; 21; 0; 0; 15; 17; 48; 0; 10; 6; 5; 2; 0; 0; 0; 31.3
Hewerton Moreira; F,G; 17; 0; 0; 15; 11; 38; 0; 20; 11; 4; 1; 0; 3; 0; 39.5
Marco Terminesi; M,F; 15; 0; 0; 14; 10; 72; 0; 23; 6; 5; 3; 0; 2; 0; 19.4
Jonathan Greenfield; D,G,M,F; 25; 0; 0; 11; 10; 49; 0; 20; 6; 15; 0; 0; 0; 0; 22.4
J.P. Rodrigues; D; 24; 0; 0; 10; 8; 41; 0; 21; 10; 28; 0; 0; 0; 0; 24.4
Joe Hammes; D; 21; 0; 0; 9; 10; 46; 0; 27; 6; 25; 0; 0; 3; 0; 19.6
Pablo; M,F; 21; 0; 0; 6; 5; 42; 0; 14; 5; 12; 0; 0; 1; 0; 14.3
Matthew Stewart; F,M; 11; 0; 0; 5; 7; 20; 0; 10; 7; 8; 0; 0; 0; 0; 25
Tom Oatley; D,M; 16; 0; 0; 4; 2; 26; 0; 18; 4; 7; 0; 0; 0; 0; 15.4
Jonatan Santos; G,D; 10; 0; 0; 2; 3; 9; 0; 12; 17; 27; 0; 0; 0; 0; 22.2
Josh Rife; D,G; 27; 0; 0; 2; 3; 30; 0; 21; 4; 32; 0; 0; 0; 0; 6.7
Evan McNeley; D; 17; 0; 0; 2; 6; 28; 0; 15; 9; 18; 0; 0; 1; 0; 7.1
Fabio Ribeiro; D,M,G; 18; 0; 0; 1; 3; 29; 0; 19; 6; 28; 0; 0; 0; 0; 3.4
Marcel Feenstra; G; 14; 0; 0; 0; 0; 3; 0; 3; 4; 0; 0; 0; 0; 0; 0
Tenzin Rampa; F; 3; 0; 0; 0; 1; 3; 0; 1; 5; 0; 0; 0; 0; 0; 0
Nick Vorberg; GK; 10; 0; 0; 0; 0; 1; 0; 0; 0; 0; 0; 0; 0; 0; 0


Team: Missouri Comets

Geison; M; 24; 0; 0; 37; 12; 143; 0; 23; 6; 12; 5; 0; 4; 0; 25.9
Byron Alvarez; F; 23; 0; 0; 28; 21; 103; 0; 42; 8; 4; 11; 0; 1; 0; 27.2
Vahid Assadpour; F,G,M; 29; 0; 0; 19; 16; 88; 0; 26; 17; 12; 0; 0; 2; 0; 21.6
Neto; F; 24; 0; 0; 17; 6; 59; 0; 34; 4; 4; 0; 0; 1; 0; 28.8
Lucas Rodriguez; G,F,M; 24; 0; 0; 12; 7; 67; 0; 13; 11; 12; 5; 0; 1; 0; 17.9
Ryan Junge; D; 23; 0; 0; 9; 5; 32; 0; 17; 9; 43; 0; 0; 1; 0; 28.1
Brian Harris; D; 22; 0; 0; 9; 6; 51; 0; 23; 20; 28; 0; 0; 0; 0; 17.6
Leo Gibson; F,G,D; 21; 0; 0; 8; 6; 42; 0; 24; 15; 17; 2; 0; 1; 0; 19
Tiguinho; F,G,M; 13; 0; 0; 7; 12; 37; 0; 6; 0; 6; 0; 0; 3; 0; 18.9
John Sosa; F,M; 24; 0; 0; 4; 8; 38; 0; 31; 19; 9; 0; 0; 1; 0; 10.5
Bato Radoncic; G,F; 6; 0; 0; 4; 5; 13; 0; 6; 5; 0; 0; 0; 0; 0; 30.8
Stefan Stokic; D,M; 21; 0; 0; 3; 2; 20; 0; 8; 18; 21; 0; 0; 0; 0; 15
Cristiano; D; 20; 0; 0; 2; 4; 30; 0; 13; 8; 16; 0; 0; 0; 0; 6.7
Coady Andrews; D; 22; 0; 0; 1; 4; 8; 0; 15; 0; 5; 0; 0; 0; 0; 12.5
Tanner Hunjak; F; 17; 0; 0; 0; 0; 4; 0; 2; 0; 1; 0; 0; 0; 0; 0
John Markey; D,F; 3; 0; 0; 0; 0; 3; 0; 0; 0; 0; 0; 0; 0; 0; 0
Boris Pardo; GK; 1; 0; 0; 0; 1; 0; 0; 0; 2; 0; 0; 0; 0; 0; 
Danny Waltman; G; 23; 0; 0; 0; 6; 0; 0; 0; 7; 0; 0; 0; 0; 0; 
Nick Kelly; M; 6; 0; 0; 0; 0; 0; 0; 0; 0; 1; 0; 0; 0; 0; 
Matt Iverson; M; 18; 0; 0; 0; 1; 3; 0; 5; 0; 2; 0; 0; 0; 0; 0



Team: Norfolk SharX

Matt Clare; F,M; 23; 0; 0; 20; 6; 82; 0; 38; 15; 3; 0; 0; 2; 0; 24.4
Miguel Ferrer; G,F,M; 25; 0; 0; 18; 8; 73; 0; 33; 8; 8; 1; 0; 1; 0; 24.7
Matthew Delicate; F; 22; 0; 0; 15; 5; 40; 0; 22; 13; 6; 1; 0; 0; 0; 37.5
Gerson Dos Santos; G,D; 17; 0; 0; 12; 10; 40; 0; 19; 4; 8; 1; 0; 1; 0; 30
Brandon Massie; M; 23; 0; 0; 6; 2; 42; 0; 9; 2; 25; 0; 0; 0; 0; 14.3
Marcus Schmidt; F; 20; 0; 0; 6; 3; 32; 0; 10; 0; 4; 0; 0; 1; 0; 18.8
Cecil Lewis; M; 19; 0; 0; 4; 2; 25; 0; 19; 2; 4; 1; 0; 0; 0; 16
Brady Bryant; D; 16; 0; 0; 4; 1; 29; 0; 16; 6; 13; 1; 0; 0; 0; 13.8
Gary Brooks; F,M; 21; 0; 0; 3; 5; 31; 0; 19; 9; 23; 0; 0; 0; 0; 9.7
Tennant McVea; D; 20; 0; 0; 2; 3; 11; 0; 25; 12; 26; 0; 0; 0; 0; 18.2
William Yomby; D; 21; 0; 0; 2; 2; 31; 0; 17; 2; 27; 0; 0; 0; 0; 6.5
James Gunderson; M; 23; 0; 0; 2; 2; 17; 0; 14; 4; 9; 0; 0; 0; 0; 11.8
Marcello Alves; F; 7; 0; 0; 2; 0; 10; 0; 4; 0; 1; 0; 0; 0; 0; 20
Brian Hinkey; D; 15; 0; 0; 2; 2; 11; 0; 8; 4; 5; 1; 0; 0; 0; 18.2
Andrew Marshall; D,F; 19; 0; 0; 1; 2; 18; 0; 19; 9; 24; 0; 0; 0; 0; 5.6
Shaka Bangura; F; 2; 0; 0; 1; 0; 5; 0; 5; 0; 0; 0; 0; 0; 0; 20
Tyler Benham; G; 2; 0; 0; 0; 0; 1; 0; 0; 0; 0; 0; 0; 0; 0; 0
Austin Kulp; F; 5; 0; 0; 0; 0; 0; 0; 0; 0; 0; 0; 0; 0; 0; 
Brian Sowell; G; 6; 0; 0; 0; 0; 1; 0; 0; 0; 0; 0; 0; 0; 0; 0
Jeferson Brandao de Oliveira; D; 11; 0; 0; 0; 0; 5; 0; 2; 2; 1; 0; 0; 0; 0; 0
Jamie Lieberman; G; 22; 0; 0; 0; 3; 3; 0; 2; 4; 0; 0; 0; 0; 0; 0
Robert Acosta; D; 4; 0; 0; 0; 0; 0; 0; 0; 0; 0; 0; 0; 0; 0; 


Team: Rochester Lancers

Mauricio Salles; F; 24; 0; 0; 30; 13; 145; 0; 46; 8; 7; 2; 0; 4; 0; 20.7
Doug Miller; F; 24; 0; 0; 25; 14; 94; 0; 21; 10; 6; 6; 0; 4; 0; 26.6
Ljubomir Kocic; F; 24; 0; 0; 19; 8; 67; 0; 28; 4; 7; 2; 0; 1; 0; 28.4
Jeremy Ortiz; M,F,G; 22; 0; 0; 17; 11; 54; 0; 28; 8; 14; 1; 0; 1; 0; 31.5
Andrew Hoxie; F; 21; 0; 0; 16; 13; 44; 0; 21; 5; 5; 0; 0; 0; 0; 36.4
Carlos Farias; M; 13; 0; 0; 8; 5; 40; 0; 13; 7; 3; 1; 0; 0; 0; 20
Gary Boughton; M,F; 21; 0; 0; 8; 7; 30; 0; 16; 2; 7; 0; 0; 0; 0; 26.7
Grady Renfrow; G,M; 24; 0; 0; 6; 1; 29; 0; 8; 7; 11; 0; 0; 0; 0; 20.7
Brayton Knapp; D; 24; 0; 0; 6; 6; 27; 0; 12; 10; 28; 0; 0; 0; 0; 22.2
Kyle Manscuk; D; 24; 0; 0; 4; 1; 29; 0; 24; 11; 34; 0; 0; 1; 0; 13.8
Nelson Becerra; M,G; 18; 0; 0; 4; 2; 26; 0; 21; 7; 8; 0; 0; 0; 0; 15.4
Jake Schindler; D; 20; 0; 0; 3; 3; 15; 0; 13; 2; 19; 0; 0; 0; 0; 20
Elliot Fauske; D; 18; 0; 0; 2; 2; 17; 0; 11; 4; 11; 0; 0; 0; 0; 11.8
John Ball; M; 5; 0; 0; 1; 3; 7; 0; 7; 0; 5; 0; 0; 0; 0; 14.3
Jefferson Dargout; F; 4; 0; 0; 1; 0; 1; 0; 2; 0; 0; 0; 0; 0; 0; 100
Rey Martinez; F,D; 16; 0; 0; 1; 4; 10; 0; 8; 0; 14; 0; 0; 0; 0; 10
Juan Reyes; D; 7; 0; 0; 0; 0; 1; 0; 6; 2; 3; 0; 0; 0; 0; 0
Leonardo Tillemont; G; 3; 0; 0; 0; 0; 0; 0; 2; 0; 0; 0; 0; 0; 0; 
Diego Martins; M; 1; 0; 0; 0; 0; 0; 0; 1; 0; 2; 0; 0; 0; 0; 
Josiah Snelgrove; M; 9; 0; 0; 0; 0; 2; 0; 2; 2; 1; 0; 0; 0; 0; 0
Pat Hannigan; G; 20; 0; 0; 0; 3; 1; 0; 4; 4; 0; 0; 0; 0; 0; 0
Will Kletzien; G,D; 22; 0; 0; 0; 7; 15; 0; 9; 5; 21; 0; 0; 0; 0; 0
Gavin McInerny; G; 1; 0; 0; 0; 0; 0; 0; 0; 0; 0; 0; 0; 0; 0; 
Neal Kitson; G; 1; 0; 0; 0; 1; 1; 0; 0; 0; 0; 0; 0; 0; 0; 0


Team: Syracuse Silver Knights

Slavisa Ubiparipovic; F,G; 24; 0; 0; 22; 14; 110; 0; 22; 8; 6; 6; 0; 1; 0; 20
Jeff Hughes; F,G,M; 24; 0; 0; 21; 9; 98; 0; 10; 4; 18; 3; 0; 3; 0; 21.4
Andriy Budnyy; F; 24; 0; 0; 19; 5; 98; 0; 28; 10; 14; 0; 0; 2; 0; 19.4
Cory Elenio; M; 23; 0; 0; 16; 12; 89; 0; 9; 2; 7; 1; 0; 0; 0; 18
Nelson Santana; M,D,G; 34; 0; 0; 16; 14; 87; 0; 60; 14; 34; 3; 0; 0; 0; 18.4
Jon Gruenewald; F,D; 17; 0; 0; 9; 0; 27; 0; 7; 2; 6; 0; 0; 0; 0; 33.3
Alex Megson; F,G; 14; 0; 0; 9; 5; 32; 0; 8; 8; 11; 2; 0; 1; 0; 28.1
Daniel Stevens; M,F; 22; 0; 0; 8; 8; 39; 0; 21; 8; 11; 0; 0; 0; 0; 20.5
Andre Berenzon; F,M; 5; 0; 0; 6; 5; 35; 0; 2; 2; 4; 1; 0; 0; 0; 17.1
Ryan Pierce; D; 23; 0; 0; 5; 4; 26; 0; 16; 8; 47; 0; 0; 0; 0; 19.2
Enrique Tovar; F,M,D; 6; 0; 0; 5; 7; 24; 0; 5; 0; 3; 1; 0; 0; 0; 20.8
Kenardo Forbes; G,M,F; 13; 0; 0; 3; 3; 16; 0; 7; 2; 0; 1; 0; 0; 0; 18.8
Diego Barrera; F,M; 13; 0; 0; 3; 2; 10; 0; 5; 0; 0; 1; 0; 0; 0; 30
Diego Serna; F; 8; 0; 0; 3; 1; 11; 0; 8; 4; 0; 0; 0; 0; 0; 27.3
Richard Shaw; D; 5; 0; 0; 2; 1; 5; 0; 3; 0; 0; 0; 0; 0; 0; 40
Marcos Chantel; D; 16; 0; 0; 2; 2; 17; 0; 25; 8; 9; 0; 0; 1; 0; 11.8
Darren Toby; F; 23; 0; 0; 2; 3; 12; 0; 15; 2; 17; 0; 0; 1; 0; 16.7
Daniel Hall; D,M; 21; 0; 0; 2; 5; 16; 0; 20; 11; 9; 0; 0; 0; 0; 12.5
Ryan Hall; D; 18; 0; 0; 2; 0; 20; 0; 12; 2; 21; 0; 0; 0; 0; 10
Anthony Maher; F,; 4; 0; 0; 1; 3; 7; 0; 6; 0; 1; 0; 0; 0; 0; 14.3
Angelo Reina; F; 3; 0; 0; 0; 0; 1; 0; 1; 0; 0; 0; 0; 0; 0; 0
JP Reyes; F; 1; 0; 0; 0; 0; 0; 0; 0; 0; 0; 0; 0; 0; 0; 
Juan Reyes; D; 3; 0; 0; 0; 0; 2; 0; 3; 0; 2; 0; 0; 0; 0; 0
Bryan O'Quinn; G; 8; 0; 0; 0; 2; 0; 0; 0; 4; 0; 0; 0; 0; 0; 
Eric Reed; G; 16; 0; 0; 0; 3; 0; 0; 0; 2; 0; 0; 0; 0; 0; 
Zoran Karic; F; 3; 0; 0; 0; 2; 1; 0; 0; 0; 0; 0; 0; 0; 0; 0
Jonny Steele; M; 1; 0; 0; 0; 0; 0; 0; 0; 0; 0; 0; 0; 0; 0; 



Team: Wichita Wings

Jamar Beasley; M; 24; 0; 0; 22; 14; 92; 0; 19; 4; 3; 3; 0; 2; 0; 23.9
Bryan Perez; M,F; 24; 0; 0; 19; 6; 72; 0; 17; 8; 6; 2; 0; 0; 0; 26.4
Kevin Ten Eyck; M,D; 24; 0; 0; 17; 5; 77; 0; 12; 8; 24; 2; 0; 3; 0; 22.1
Frederico Moojen; F,G; 14; 0; 0; 13; 7; 48; 0; 22; 2; 5; 1; 0; 1; 0; 27.1
Victor Quiroz; G,M,D; 36; 0; 0; 9; 16; 71; 0; 36; 19; 28; 1; 0; 0; 0; 12.7
Brian Cushing; D; 24; 0; 0; 6; 3; 25; 0; 7; 2; 6; 0; 0; 0; 0; 24
Alargie Jobe; F; 20; 0; 0; 6; 3; 48; 0; 30; 15; 4; 1; 0; 0; 0; 12.5
Chris Lemons; M,G,D; 24; 0; 0; 6; 5; 43; 0; 18; 4; 30; 0; 0; 1; 0; 14
Carlos Farias; M; 10; 0; 0; 5; 13; 38; 0; 12; 12; 6; 0; 0; 0; 0; 13.2
Angel Rivillo-Ruiz; G,M,F; 5; 0; 0; 4; 3; 16; 0; 6; 4; 4; 0; 0; 0; 0; 25
Alex Moseley; D,M,F; 21; 0; 0; 3; 4; 33; 0; 9; 4; 9; 0; 0; 0; 0; 9.1
Larry Inlow; D; 24; 0; 0; 3; 1; 20; 0; 28; 2; 27; 0; 0; 0; 0; 15
Jamie Harding; G,D; 22; 0; 0; 2; 1; 13; 0; 9; 6; 18; 0; 0; 0; 0; 15.4
Edvin Worley; F; 15; 0; 0; 2; 1; 18; 0; 12; 8; 3; 1; 0; 1; 0; 11.1
Daniel Villegas; M,D; 18; 0; 0; 2; 1; 25; 0; 20; 2; 10; 0; 0; 0; 0; 8
Fausto; M; 6; 0; 0; 1; 1; 4; 0; 1; 2; 0; 0; 0; 0; 0; 25
Tijani Ayegbusi; D; 11; 0; 0; 1; 4; 12; 0; 10; 4; 5; 0; 0; 0; 0; 8.3
Kareem Yearwood; F; 2; 0; 0; 0; 0; 0; 0; 0; 0; 0; 0; 0; 0; 0; 
Nicholas Martinez; G; 4; 0; 0; 0; 0; 0; 0; 0; 0; 0; 0; 0; 0; 0; 
Sanaldo; GK; 22; 0; 0; 0; 0; 1; 0; 2; 18; 0; 0; 0; 0; 0; 0
Max Touloute; F; 7; 0; 0; 0; 0; 6; 0; 4; 0; 0; 0; 0; 0; 0; 0
Corvalhe Sanaldo; F; 1; 0; 0; 0; 0; 0; 0; 1; 0; 0; 0; 0; 0; 0; 


Season: 2012-2013
Team: Baltimore Blast

Lucio Gonzaga; F,M,D; 24; 0; 0; 21; 11; 78; 0; 18; 6; 7; 1; 0; 3; 0; 26.9
Machel Millwood; F; 20; 0; 0; 21; 15; 71; 0; 14; 7; 6; 1; 0; 2; 0; 29.6
Max Ferdinand; M,F,G; 26; 0; 0; 17; 14; 75; 0; 15; 2; 8; 2; 0; 0; 0; 22.7
Tony Donatelli; F,M; 22; 0; 0; 17; 12; 66; 0; 6; 2; 12; 1; 0; 3; 0; 25.8
Michael Lookingland; D; 30; 0; 0; 15; 17; 62; 0; 16; 21; 35; 4; 0; 1; 0; 24.2
Ptah Myers; F,M,D,G; 25; 0; 0; 14; 5; 40; 0; 9; 7; 16; 0; 0; 0; 0; 35
Lucas Roque; F; 24; 0; 0; 14; 8; 50; 0; 16; 0; 10; 0; 0; 3; 0; 28
Adauto Neto; F; 26; 0; 0; 13; 21; 62; 0; 21; 4; 10; 3; 0; 2; 0; 21
Patrick Healey; G,D,M; 26; 0; 0; 10; 14; 31; 0; 19; 2; 42; 1; 0; 0; 0; 32.3
Adriano Dos Santos; F; 24; 0; 0; 10; 9; 34; 0; 26; 20; 9; 0; 0; 1; 0; 29.4
Tino Nunez; F; 13; 0; 0; 7; 4; 21; 0; 7; 0; 0; 0; 0; 2; 0; 33.3
J.T. Noone; M,F; 26; 0; 0; 7; 6; 33; 0; 9; 5; 8; 0; 0; 0; 0; 21.2
Marco Mangione; G,F; 20; 0; 0; 7; 3; 30; 0; 11; 0; 6; 0; 0; 1; 0; 23.3
Stephen deRoux; M-D; 17; 0; 0; 4; 3; 19; 0; 22; 4; 12; 0; 0; 3; 0; 21.1
Mike Deasel; D; 19; 0; 0; 3; 3; 7; 0; 2; 2; 6; 0; 0; 0; 0; 42.9
Jamie Darvill; F; 9; 0; 0; 1; 1; 5; 0; 1; 0; 1; 0; 0; 0; 0; 20
Troy Hernandez; G; 5; 0; 0; 0; 0; 0; 0; 0; 4; 0; 0; 0; 0; 0; 
William Vanzela; G; 21; 0; 0; 0; 0; 2; 0; 0; 0; 0; 0; 0; 0; 0; 0
Chris Williams; D; 3; 0; 0; 0; 0; 0; 0; 3; 0; 1; 0; 0; 0; 0; 


Team: Chicago Soul

Carlos Munoz; F; 25; 0; 0; 25; 8; 105; 0; 32; 15; 10; 3; 0; 3; 0; 23.8
Carlos Farias; M; 28; 0; 0; 22; 25; 106; 0; 23; 28; 10; 1; 0; 1; 0; 20.8
Bato Radoncic; G,F; 25; 0; 0; 20; 12; 98; 0; 42; 16; 11; 2; 0; 3; 0; 20.4
Matthew Stewart; F,M; 26; 0; 0; 18; 2; 71; 0; 12; 10; 36; 2; 0; 1; 0; 25.4
Cuitlahuac Meza; F; 26; 0; 0; 10; 3; 57; 0; 6; 0; 9; 2; 0; 0; 0; 17.5
Alex Megson; F,G; 24; 0; 0; 9; 6; 26; 0; 20; 9; 7; 0; 0; 0; 0; 34.6
Eric Lukin; D,F,M; 17; 0; 0; 7; 5; 36; 0; 34; 17; 0; 2; 0; 1; 0; 19.4
Ephraim Beard; F,M,G; 27; 0; 0; 6; 2; 17; 0; 5; 0; 9; 0; 0; 0; 0; 35.3
Pablo da Silva; M,F; 13; 0; 0; 5; 6; 22; 0; 9; 11; 5; 0; 0; 1; 0; 22.7
Aaron Nichols; F; 24; 0; 0; 3; 3; 21; 0; 17; 2; 9; 0; 0; 0; 0; 14.3
Fred DeGand; D; 19; 0; 0; 3; 3; 20; 0; 20; 19; 26; 0; 0; 1; 0; 15
Roberto Gallo; D; 17; 0; 0; 3; 0; 11; 0; 3; 2; 21; 1; 0; 0; 0; 27.3
Semir Mesanovic; M,F; 7; 0; 0; 2; 0; 15; 0; 6; 0; 6; 0; 0; 0; 0; 13.3
Sean Summerville; D; 19; 0; 0; 1; 1; 4; 0; 7; 6; 10; 0; 0; 0; 0; 25
Will Kletzien; G,D; 20; 0; 0; 1; 1; 19; 0; 10; 6; 40; 0; 0; 0; 0; 5.3
Tijani Ayegbusi; D; 16; 0; 0; 1; 3; 9; 0; 21; 15; 12; 0; 0; 0; 0; 11.1
Judson McKinney; D,F,G,M; 2; 0; 0; 0; 0; 3; 0; 0; 2; 0; 0; 0; 0; 0; 0
Novica Marojevic; F,G; 4; 0; 0; 0; 1; 3; 0; 0; 0; 0; 0; 0; 0; 0; 0
Jeff Richey; G; 25; 0; 0; 0; 3; 2; 0; 0; 5; 0; 0; 0; 0; 0; 0
Nathaniel Sprenkel; G; 2; 0; 0; 0; 0; 0; 0; 0; 0; 0; 0; 0; 0; 0; 
Marco Sullo; D,M,F; 16; 0; 0; 0; 1; 10; 0; 10; 6; 15; 0; 0; 0; 0; 0



Team: Milwaukee Wave

Ian Bennett; M,F; 26; 0; 0; 25; 10; 98; 0; 17; 9; 16; 1; 0; 2; 0; 25.5
Luan Oliveira; F; 25; 0; 0; 25; 16; 121; 0; 20; 9; 10; 2; 0; 1; 0; 20.7
Hewerton Moreira; F,G; 26; 0; 0; 18; 15; 71; 0; 34; 10; 15; 1; 0; 4; 0; 25.4
Nicolas Perera; F,M; 26; 0; 0; 18; 11; 66; 0; 37; 4; 11; 1; 0; 3; 0; 27.3
Tenzin Rampa; F; 23; 0; 0; 8; 3; 30; 0; 20; 9; 8; 0; 0; 1; 0; 26.7
Marcelo Fontana; M,F; 16; 0; 0; 7; 7; 23; 0; 19; 7; 9; 0; 0; 0; 0; 30.4
Joe Hammes; D; 23; 0; 0; 7; 4; 33; 0; 20; 8; 33; 0; 0; 0; 0; 21.2
Israel Sesay; F; 24; 0; 0; 5; 3; 20; 0; 16; 7; 10; 0; 0; 0; 0; 25
Giuliano Oliviero; M,F; 17; 0; 0; 5; 16; 28; 0; 12; 5; 5; 1; 0; 1; 0; 17.9
Marcio Leite; F,M; 15; 0; 0; 5; 18; 39; 0; 12; 11; 4; 0; 0; 2; 0; 12.8
Jonathan Greenfield; D,G,M,F; 25; 0; 0; 4; 8; 28; 0; 10; 2; 24; 1; 0; 1; 0; 14.3
Josh Rife; D,G; 26; 0; 0; 4; 6; 23; 0; 15; 4; 33; 3; 0; 2; 0; 17.4
J.P. Rodrigues; D; 16; 0; 0; 4; 1; 25; 0; 17; 0; 17; 0; 0; 0; 0; 16
Jonatan Santos; G,D; 17; 0; 0; 3; 2; 17; 0; 13; 14; 17; 0; 0; 1; 0; 17.6
Fabio Ribeiro; D,M,G; 27; 0; 0; 3; 4; 24; 0; 26; 14; 31; 0; 0; 2; 0; 12.5
Bryan Perez; M,F; 5; 0; 0; 2; 1; 5; 0; 8; 0; 3; 0; 0; 0; 0; 40
Pablo; M,F; 8; 0; 0; 2; 0; 8; 0; 0; 2; 1; 0; 0; 1; 0; 25
Tom Oatley; D,M; 20; 0; 0; 1; 2; 15; 0; 22; 16; 12; 0; 0; 0; 0; 6.7
Evan McNeley; D; 9; 0; 0; 1; 0; 12; 0; 2; 2; 2; 0; 0; 0; 0; 8.3
Ismael Hernandez; F; 3; 0; 0; 0; 0; 0; 0; 0; 0; 0; 0; 0; 0; 0; 
Nick Vorberg; GK; 14; 0; 0; 0; 0; 1; 0; 1; 0; 0; 0; 0; 0; 0; 0
Marcel Feenstra; G; 13; 0; 0; 0; 3; 0; 0; 1; 5; 0; 0; 0; 0; 0; 
James Weber; F; 2; 0; 0; 0; 0; 0; 0; 2; 0; 1; 0; 0; 0; 0; 


Team: Missouri Comets

Byron Alvarez; F; 23; 0; 0; 32; 9; 122; 0; 35; 20; 5; 4; 0; 6; 0; 26.2
Leo Gibson; F,G,D; 24; 0; 0; 26; 12; 86; 0; 37; 12; 41; 8; 0; 1; 0; 30.2
Vahid Assadpour; F,G,M; 35; 0; 0; 19; 27; 104; 0; 13; 10; 13; 0; 0; 0; 0; 18.3
Brian Harris; D; 26; 0; 0; 11; 6; 59; 0; 17; 8; 26; 0; 0; 1; 0; 18.6
Lucas Rodriguez; G,F,M; 24; 0; 0; 10; 7; 51; 0; 21; 12; 9; 1; 0; 1; 0; 19.6
Mads Falck; F; 26; 0; 0; 8; 8; 50; 0; 12; 2; 4; 0; 0; 1; 0; 16
Will John; M-F; 11; 0; 0; 7; 1; 29; 0; 3; 7; 6; 0; 0; 0; 0; 24.1
Ryan Junge; D; 26; 0; 0; 7; 10; 51; 0; 23; 4; 27; 0; 0; 0; 0; 13.7
John Sosa; F,M; 26; 0; 0; 7; 19; 70; 0; 28; 7; 22; 1; 0; 0; 0; 10
Cristiano; D; 24; 0; 0; 6; 4; 46; 0; 21; 26; 14; 0; 0; 0; 0; 13
Jeff Hughes; F,G,M; 9; 0; 0; 5; 2; 19; 0; 2; 0; 8; 0; 0; 0; 0; 26.3
Coady Andrews; D; 26; 0; 0; 4; 2; 20; 0; 11; 10; 14; 0; 0; 1; 0; 20
Ramone Palmer; F; 18; 0; 0; 4; 1; 10; 0; 13; 2; 4; 0; 0; 0; 0; 40
Milan Ivanovic; M,F; 24; 0; 0; 3; 4; 13; 0; 15; 0; 10; 0; 0; 0; 0; 23.1
Stefan St. Louis; F; 12; 0; 0; 2; 4; 11; 0; 22; 6; 2; 0; 0; 1; 0; 18.2
Stefan Stokic; D,M; 15; 0; 0; 2; 1; 7; 0; 9; 18; 10; 0; 0; 1; 0; 28.6
Robert Palmer; F,M; 11; 0; 0; 1; 1; 3; 0; 10; 0; 2; 0; 0; 0; 0; 33.3
Boris Pardo; GK; 6; 0; 0; 0; 0; 1; 0; 2; 0; 0; 0; 0; 0; 0; 0
Craig Rocastle; M; 7; 0; 0; 0; 0; 11; 0; 1; 2; 1; 0; 0; 0; 0; 0
Danny Waltman; G; 20; 0; 0; 0; 3; 3; 0; 1; 4; 0; 0; 0; 0; 0; 0
Kevin Jorgensen; F; 6; 0; 0; 0; 0; 0; 0; 0; 0; 0; 0; 0; 0; 0; 
Ibrahim Kante; F; 4; 0; 0; 0; 3; 2; 0; 6; 7; 5; 0; 0; 0; 0; 0


Team: Rochester Lancers

Doug Miller; F; 26; 0; 0; 44; 11; 147; 0; 10; 11; 6; 4; 0; 5; 0; 29.9
Mauricio Salles; F; 25; 0; 0; 34; 20; 160; 0; 34; 11; 12; 2; 0; 1; 0; 21.3
Jeremy Ortiz; M,F,G; 37; 0; 0; 13; 7; 53; 0; 27; 8; 14; 0; 0; 1; 0; 24.5
Rey Martinez; F,D; 21; 0; 0; 8; 12; 32; 0; 16; 2; 6; 0; 0; 1; 0; 25
Stephen Basso; D; 26; 0; 0; 7; 6; 32; 0; 34; 29; 25; 2; 0; 1; 0; 21.9
Gary Boughton; M,F; 12; 0; 0; 7; 7; 23; 0; 4; 0; 5; 0; 0; 0; 0; 30.4
Evan McNeley; D; 11; 0; 0; 6; 3; 22; 0; 16; 7; 15; 0; 0; 0; 0; 27.3
Pedrinho; D; 23; 0; 0; 5; 3; 21; 0; 19; 0; 6; 1; 0; 1; 0; 23.8
Brayton Knapp; D; 26; 0; 0; 5; 3; 24; 0; 12; 4; 19; 0; 0; 0; 0; 20.8
Elliot Fauske; D; 26; 0; 0; 5; 4; 38; 0; 21; 10; 12; 0; 0; 0; 0; 13.2
Andy Tiedt; F; 25; 0; 0; 4; 8; 30; 0; 33; 2; 10; 0; 0; 0; 0; 13.3
Alan McGreal; F; 18; 0; 0; 4; 5; 50; 0; 11; 4; 8; 0; 0; 0; 0; 8
Garret Pettis; F; 8; 0; 0; 4; 0; 18; 0; 5; 2; 1; 0; 0; 0; 0; 22.2
Paul Craig; D,F; 16; 0; 0; 3; 3; 23; 0; 14; 2; 7; 0; 0; 0; 0; 13
Kyle Manscuk; D; 18; 0; 0; 2; 3; 16; 0; 12; 11; 9; 0; 0; 0; 0; 12.5
Luis Enrique; F; 17; 0; 0; 1; 6; 17; 0; 8; 2; 2; 0; 0; 0; 0; 5.9
Joseph Tavernese; F; 5; 0; 0; 0; 1; 2; 0; 2; 0; 0; 0; 0; 0; 0; 0
Gavin McInerny; G; 16; 0; 0; 0; 0; 4; 0; 0; 5; 0; 0; 0; 0; 0; 0
Troy Cole; D; 6; 0; 0; 0; 1; 5; 0; 0; 5; 1; 0; 0; 0; 0; 0
Jake Schindler; D; 26; 0; 0; 0; 2; 21; 0; 16; 6; 33; 0; 0; 0; 0; 0
Ivory Washington; F; 6; 0; 0; 0; 3; 0; 0; 0; 0; 1; 0; 0; 0; 0; 
Pat Hannigan; G; 11; 0; 0; 0; 0; 2; 0; 0; 4; 0; 0; 0; 0; 0; 0



Team: Syracuse Silver Knights

Neto; F; 26; 0; 0; 34; 8; 119; 0; 24; 17; 11; 4; 0; 0; 0; 28.6
Slavisa Ubiparipovic; F,G; 25; 0; 0; 15; 18; 127; 0; 24; 18; 5; 0; 0; 2; 0; 11.8
Andriy Budnyy; F; 21; 0; 0; 14; 10; 74; 0; 16; 0; 2; 0; 0; 2; 0; 18.9
Nelson Santana; M,D,G; 27; 0; 0; 11; 21; 87; 0; 36; 20; 24; 0; 0; 0; 0; 12.6
Kenardo Forbes; G,M,F; 30; 0; 0; 9; 9; 79; 0; 9; 0; 15; 0; 0; 1; 0; 11.4
Bryan Perez; M,F; 17; 0; 0; 8; 7; 32; 0; 6; 0; 0; 4; 0; 0; 0; 25
Bozidar Jelovac; D; 24; 0; 0; 7; 5; 41; 0; 16; 4; 9; 0; 0; 0; 0; 17.1
Jamar Beasley; M; 15; 0; 0; 6; 3; 27; 0; 5; 0; 0; 1; 0; 1; 0; 22.2
Jon Gruenewald; F,D; 25; 0; 0; 5; 0; 36; 0; 1; 0; 10; 0; 0; 0; 0; 13.9
Matt Clare; F,M; 6; 0; 0; 4; 3; 20; 0; 0; 7; 0; 0; 0; 0; 0; 20
Nate Bourdeau; M,D; 21; 0; 0; 4; 3; 22; 0; 4; 0; 2; 0; 0; 0; 0; 18.2
Ryan Pierce; D; 24; 0; 0; 4; 0; 19; 0; 4; 2; 24; 0; 0; 0; 0; 21.1
Darren Toby; F; 26; 0; 0; 3; 4; 17; 0; 1; 0; 14; 0; 0; 1; 0; 17.6
Andre Berenzon; F,M; 6; 0; 0; 3; 0; 13; 0; 0; 0; 3; 0; 0; 0; 0; 23.1
Daniel Stevens; M,F; 17; 0; 0; 2; 2; 11; 0; 0; 0; 3; 0; 0; 0; 0; 18.2
Derek Popovich; G,F; 17; 0; 0; 1; 0; 1; 0; 6; 0; 3; 0; 0; 0; 0; 100
Ryan Hall; D; 26; 0; 0; 1; 0; 15; 0; 7; 2; 61; 0; 0; 0; 0; 6.7
Antonio Manfut; M,F; 8; 0; 0; 1; 0; 5; 0; 3; 0; 1; 0; 0; 0; 0; 20
Marcos Chantel; D; 26; 0; 0; 1; 0; 20; 0; 24; 11; 13; 0; 0; 1; 0; 5
Daniel Hall; D,M; 2; 0; 0; 0; 0; 2; 0; 0; 2; 0; 0; 0; 0; 0; 0
Bryan O'Quinn; G; 26; 0; 0; 0; 0; 1; 0; 0; 6; 0; 0; 0; 0; 0; 0
Ryan Mack; M,F,C; 15; 0; 0; 0; 1; 1; 0; 1; 0; 0; 0; 0; 0; 0; 0
Carlos Munoz; F; 11; 0; 0; 0; 1; 2; 0; 0; 0; 0; 0; 0; 0; 0; 0
Josh Bennet; F; 5; 0; 0; 0; 1; 4; 0; 1; 0; 0; 0; 0; 0; 0; 0
Vittorio Petrera; D,M; 1; 0; 0; 0; 0; 0; 0; 0; 0; 0; 0; 0; 0; 0; 



Team: Wichita Wings

Frederico Moojen; F,G; 24; 0; 0; 27; 12; 102; 0; 21; 9; 10; 3; 0; 2; 0; 26.5
Andrew Hoxie; F; 24; 0; 0; 22; 4; 65; 0; 19; 0; 11; 1; 0; 1; 0; 33.8
Gieson Mora; F; 14; 0; 0; 17; 4; 59; 0; 20; 13; 10; 5; 0; 1; 0; 28.8
Miguel Ferrer; G,F,M; 27; 0; 0; 11; 5; 61; 0; 24; 4; 13; 0; 0; 0; 0; 18
Adrian Gonzalez; D,F; 14; 0; 0; 7; 1; 24; 0; 11; 6; 6; 0; 0; 0; 0; 29.2
Kevin Ten Eyck; M,D; 26; 0; 0; 7; 1; 33; 0; 10; 2; 40; 0; 0; 0; 0; 21.2
Tiguinho; F,G,M; 23; 0; 0; 7; 28; 76; 0; 20; 6; 10; 2; 0; 1; 0; 9.2
Daniel Villegas; M,D; 22; 0; 0; 4; 2; 20; 0; 26; 0; 10; 0; 0; 0; 0; 20
Chris Lemons; M,G,D; 34; 0; 0; 3; 9; 51; 0; 11; 7; 29; 0; 0; 0; 0; 5.9
Victor Quiroz; G,M,D; 22; 0; 0; 3; 9; 64; 0; 27; 15; 39; 0; 0; 1; 0; 4.7
Matt Clare; F,M; 12; 0; 0; 3; 3; 32; 0; 11; 0; 5; 0; 0; 1; 0; 9.4
Andre Berenzon; F,M; 11; 0; 0; 3; 3; 23; 0; 4; 0; 6; 0; 0; 0; 0; 13
Michael Mesle; D; 23; 0; 0; 2; 1; 11; 0; 15; 0; 5; 0; 0; 0; 0; 18.2
Kareem Yearwood; F; 24; 0; 0; 2; 3; 22; 0; 12; 2; 11; 0; 0; 0; 0; 9.1
Bryan Perez; M,F; 5; 0; 0; 2; 1; 5; 0; 0; 5; 3; 0; 0; 0; 0; 40
Alex Moseley; D,M,F; 25; 0; 0; 2; 3; 36; 0; 7; 7; 26; 0; 0; 0; 0; 5.6
Edvin Worley; F; 20; 0; 0; 1; 0; 13; 0; 16; 4; 5; 0; 0; 0; 0; 7.7
Brady Bryant; D; 9; 0; 0; 1; 0; 7; 0; 5; 9; 2; 0; 0; 0; 0; 14.3
Nicholas Martinez; G; 6; 0; 0; 0; 0; 1; 0; 0; 0; 0; 0; 0; 0; 0; 0
Omar Quiroz; G; 1; 0; 0; 0; 1; 0; 0; 0; 0; 0; 0; 0; 0; 0; 
Sanaldo; GK; 21; 0; 0; 0; 3; 3; 0; 0; 2; 0; 0; 0; 0; 0; 0
Jamar Beasley; M; 3; 0; 0; 0; 0; 0; 0; 0; 0; 0; 0; 0; 0; 0; 


Season: 2013-2014

Team: Baltimore Blast

Tony Donatelli; F,M; 20; 0; 0; 19; 9; 75; 0; 8; 2; 5; 2; 0; 1; 0; 25.3
Max Ferdinand; M,F,G; 19; 0; 0; 17; 6; 53; 0; 20; 4; 8; 2; 0; 2; 0; 32.1
Michael Lookingland; D; 23; 0; 0; 17; 18; 86; 0; 14; 5; 33; 1; 0; 2; 0; 19.8
Adriano Dos Santos; F; 20; 0; 0; 13; 4; 29; 0; 34; 0; 6; 0; 0; 2; 0; 44.8
Lucio Gonzaga; F,M,D; 18; 0; 0; 13; 6; 73; 0; 12; 14; 7; 4; 0; 3; 0; 17.8
Lucas Roque; F; 20; 0; 0; 11; 12; 63; 0; 13; 7; 3; 0; 0; 0; 0; 17.5
Adauto Neto; F; 19; 0; 0; 11; 9; 58; 0; 25; 0; 2; 1; 0; 3; 0; 19
Diego Zuniga; F; 15; 0; 0; 10; 6; 30; 0; 18; 2; 3; 0; 0; 0; 0; 33.3
Marco Mangione; G,F; 20; 0; 0; 10; 7; 44; 0; 10; 4; 9; 0; 0; 2; 0; 22.7
Patrick Healey; G,D,M; 20; 0; 0; 6; 10; 35; 0; 15; 2; 31; 0; 0; 0; 0; 17.1
J.T. Noone; M,F; 20; 0; 0; 5; 4; 30; 0; 13; 0; 15; 0; 0; 1; 0; 16.7
Frederico Moojen; F,G; 7; 0; 0; 5; 1; 18; 0; 7; 4; 4; 0; 0; 1; 0; 27.8
Levi Houapeu; M; 15; 0; 0; 4; 3; 22; 0; 11; 0; 3; 0; 0; 0; 0; 18.2
Drew Yates; M; 12; 0; 0; 3; 3; 19; 0; 9; 4; 4; 0; 0; 0; 0; 15.8
Mike Deasel; D; 18; 0; 0; 2; 2; 6; 0; 14; 9; 5; 0; 0; 0; 0; 33.3
Stephen deRoux; M-D; 17; 0; 0; 1; 8; 25; 0; 21; 9; 8; 0; 0; 0; 0; 4
William Vanzela; G; 15; 0; 0; 0; 0; 1; 0; 2; 7; 0; 0; 0; 0; 0; 0
Daniel Carrera; D; 8; 0; 0; 0; 0; 2; 0; 6; 0; 0; 0; 0; 0; 0; 0
Troy Hernandez; G; 5; 0; 0; 0; 1; 0; 0; 0; 2; 0; 0; 0; 0; 0; 
Jamie Darvill; F; 5; 0; 0; 0; 0; 0; 0; 0; 0; 0; 0; 0; 0; 0; 


Team: Milwaukee Wave

Ian Bennett; M,F; 20; 0; 0; 27; 6; 113; 0; 8; 7; 9; 2; 0; 3; 0; 23.9
Marcio Leite; F,M; 20; 0; 0; 19; 22; 73; 0; 16; 4; 3; 2; 0; 3; 0; 26
Carlos Munoz; F; 17; 0; 0; 19; 6; 76; 0; 29; 14; 8; 5; 0; 3; 0; 25
Nicolas Perera; F,M; 19; 0; 0; 18; 13; 56; 0; 27; 10; 5; 0; 0; 4; 0; 32.1
Luan Oliveira; F; 19; 0; 0; 12; 6; 59; 0; 23; 5; 6; 2; 0; 0; 0; 20.3
JC Banks; M; 14; 0; 0; 8; 2; 24; 0; 12; 7; 8; 0; 0; 1; 0; 33.3
Marcelo Fontana; M,F; 18; 0; 0; 8; 4; 25; 0; 10; 2; 10; 0; 0; 0; 0; 32
Hewerton Moreira; F,G; 18; 0; 0; 6; 7; 35; 0; 14; 2; 7; 0; 0; 0; 0; 17.1
Giuliano Oliviero; M,F; 18; 0; 0; 6; 16; 29; 0; 8; 2; 6; 0; 0; 0; 0; 20.7
Pablo; M,F; 20; 0; 0; 6; 5; 25; 0; 8; 11; 9; 0; 0; 1; 0; 24
Victor Quiroz; G,M,D; 23; 0; 0; 4; 17; 36; 0; 20; 6; 27; 1; 0; 0; 0; 11.1
Fabio Ribeiro; D,M,G; 18; 0; 0; 3; 3; 13; 0; 33; 7; 17; 0; 0; 0; 0; 23.1
Tenzin Rampa; F; 5; 0; 0; 3; 1; 5; 0; 4; 0; 1; 0; 0; 0; 0; 60
Jonathan Greenfield; D,G,M,F; 13; 0; 0; 3; 4; 20; 0; 10; 2; 5; 0; 0; 1; 0; 15
Tony Walls; M; 18; 0; 0; 3; 4; 17; 0; 27; 4; 9; 0; 0; 0; 0; 17.6
Philip Suprise; M; 10; 0; 0; 3; 5; 13; 0; 7; 0; 5; 0; 0; 0; 0; 23.1
Judson McKinney; D,F,G,M; 20; 0; 0; 3; 5; 30; 0; 26; 9; 24; 0; 0; 0; 0; 10
Joseph Hackbarth; D; 3; 0; 0; 0; 0; 0; 0; 0; 0; 0; 0; 0; 0; 0; 
Nick Vorberg; GK; 4; 0; 0; 0; 0; 0; 0; 1; 0; 0; 0; 0; 0; 0; 
Marcel Feenstra; G; 16; 0; 0; 0; 3; 3; 0; 0; 6; 0; 0; 0; 0; 0; 0
Jonatan Santos; G,D; 1; 0; 0; 0; 0; 0; 0; 0; 0; 1; 0; 0; 0; 0; 


Team: Missouri Comets

Leo Gibson; F,G,D; 20; 0; 0; 24; 25; 89; 0; 33; 14; 11; 3; 0; 3; 0; 27
Vahid Assadpour; F,G,M; 19; 0; 0; 20; 15; 62; 0; 13; 9; 5; 3; 0; 3; 0; 32.3
Lucas Rodriguez; G,F,M; 20; 0; 0; 15; 15; 63; 0; 10; 8; 7; 2; 0; 2; 0; 23.8
Brian Harris; D; 20; 0; 0; 14; 7; 82; 0; 30; 6; 18; 0; 0; 0; 0; 17.1
John Sosa; F,M; 20; 0; 0; 13; 20; 61; 0; 33; 19; 11; 2; 0; 0; 0; 21.3
Ramone Palmer; F; 20; 0; 0; 12; 5; 33; 0; 14; 6; 7; 0; 0; 1; 0; 36.4
Bryan Perez; M,F; 20; 0; 0; 10; 8; 49; 0; 18; 12; 4; 2; 0; 0; 0; 20.4
Alex Megson; F,G; 20; 0; 0; 8; 1; 27; 0; 39; 10; 5; 0; 0; 0; 0; 29.6
Stefan St. Louis; F; 19; 0; 0; 8; 7; 37; 0; 30; 2; 1; 0; 0; 2; 0; 21.6
Milan Ivanovic; M,F; 19; 0; 0; 7; 4; 28; 0; 10; 0; 5; 0; 0; 1; 0; 25
Max Touloute; F; 4; 0; 0; 7; 1; 10; 0; 4; 0; 4; 1; 0; 1; 0; 70
Byron Alvarez; F; 16; 0; 0; 6; 5; 45; 0; 21; 0; 1; 0; 0; 1; 0; 13.3
Robert Palmer; F,M; 16; 0; 0; 5; 3; 14; 0; 7; 9; 7; 0; 0; 0; 0; 35.7
Coady Andrews; D; 18; 0; 0; 3; 4; 22; 0; 15; 5; 9; 0; 0; 0; 0; 13.6
Stefan Stokic; D,M; 19; 0; 0; 3; 1; 18; 0; 9; 6; 16; 0; 0; 0; 0; 16.7
Andre Braithwaite; D; 13; 0; 0; 1; 1; 15; 0; 9; 7; 5; 0; 0; 0; 0; 6.7
Geison; M; 4; 0; 0; 1; 0; 9; 0; 5; 0; 0; 0; 0; 0; 0; 11.1
Alain Matingou; D; 2; 0; 0; 0; 1; 1; 0; 2; 0; 1; 0; 0; 0; 0; 0
Danny Waltman; G; 20; 0; 0; 0; 4; 1; 0; 1; 8; 0; 0; 0; 0; 0; 0
Brendan Allen; G; 2; 0; 0; 0; 0; 0; 0; 0; 0; 0; 0; 0; 0; 0; 

Team: Pennsylvania Roar

Corey Maret; D,M; 20; 0; 0; 8; 2; 40; 0; 17; 2; 27; 1; 0; 0; 0; 20
Max Touloute; F; 5; 0; 0; 7; 2; 21; 0; 8; 2; 3; 0; 0; 0; 0; 33.3
Jerjer Gibson; F; 19; 0; 0; 6; 1; 64; 0; 24; 6; 3; 0; 0; 0; 0; 9.4
Jordan Thomas; D; 20; 0; 0; 5; 0; 27; 0; 11; 4; 11; 0; 0; 0; 0; 18.5
Ptah Myers; F,M,D,G; 15; 0; 0; 4; 1; 37; 0; 22; 6; 9; 0; 0; 0; 0; 10.8
Kingsley Onwuka; D; 10; 0; 0; 4; 3; 21; 0; 8; 2; 7; 0; 0; 0; 0; 19
Chris Williams; D; 20; 0; 0; 4; 3; 62; 0; 31; 9; 30; 0; 0; 0; 0; 6.5
Pete Rowley; F,D; 10; 0; 0; 3; 2; 21; 0; 13; 12; 2; 0; 0; 1; 0; 14.3
Kyle Martyn; M; 20; 0; 0; 2; 0; 15; 0; 7; 2; 7; 1; 0; 0; 0; 13.3
Tyrone Hall; D; 9; 0; 0; 1; 4; 7; 0; 15; 4; 4; 0; 0; 0; 0; 14.3
Angel Rivillo-Ruiz; G,M,F; 18; 0; 0; 1; 7; 33; 0; 13; 0; 7; 1; 0; 0; 0; 3
Kevin Coleman; D; 9; 0; 0; 1; 1; 12; 0; 9; 2; 13; 0; 0; 0; 0; 8.3
Val Teixeira; F; 2; 0; 0; 1; 0; 17; 0; 2; 0; 2; 0; 0; 0; 0; 5.9
Gibrilla Conde; F; 17; 0; 0; 1; 0; 11; 0; 15; 4; 4; 0; 0; 0; 0; 9.1
Sol Caceres; M; 14; 0; 0; 0; 0; 3; 0; 1; 0; 3; 0; 0; 0; 0; 0
Andrew Steward; F; 13; 0; 0; 0; 0; 2; 0; 1; 0; 3; 0; 0; 0; 0; 0
Pete Pappas; GK; 15; 0; 0; 0; 0; 1; 0; 0; 5; 0; 0; 0; 0; 0; 0
Sandre Naumoski; M,F; 12; 0; 0; 0; 0; 4; 0; 1; 0; 2; 0; 0; 0; 0; 0
Brad Vanino; D; 7; 0; 0; 0; 0; 2; 0; 1; 0; 0; 0; 0; 0; 0; 0
Eric Franks; F; 15; 0; 0; 0; 1; 6; 0; 6; 0; 2; 0; 0; 0; 0; 0
David Bruckner; D; 20; 0; 0; 0; 3; 5; 0; 20; 0; 11; 0; 0; 0; 0; 0
Patrick Thompson; M; 18; 0; 0; 0; 1; 15; 0; 7; 4; 4; 0; 0; 0; 0; 0
Eugene Shepherd; F; 19; 0; 0; 0; 1; 8; 0; 13; 0; 7; 0; 0; 0; 0; 0
Scott Krotee; G; 9; 0; 0; 0; 0; 1; 0; 0; 0; 0; 0; 0; 0; 0; 0
Eric Puls; M; 19; 0; 0; 0; 0; 4; 0; 2; 2; 5; 0; 0; 0; 0; 0


Team: Rochester Lancers

Gary Boughton; M,F; 19; 0; 0; 17; 5; 44; 0; 6; 0; 8; 2; 0; 0; 0; 38.6
Mauricio Salles; F; 18; 0; 0; 14; 8; 91; 0; 23; 8; 10; 0; 0; 2; 0; 15.4
Elliot Fauske; D; 20; 0; 0; 13; 4; 56; 0; 17; 0; 15; 1; 0; 0; 0; 23.2
Joseph Tavernese; F; 20; 0; 0; 9; 15; 49; 0; 16; 4; 6; 0; 0; 0; 0; 18.4
Stephen Basso; D; 20; 0; 0; 8; 5; 33; 0; 10; 2; 14; 0; 0; 0; 0; 24.2
Doug Miller; F; 21; 0; 0; 8; 10; 97; 0; 18; 4; 5; 0; 0; 1; 0; 8.2
Pedrinho; D; 12; 0; 0; 6; 3; 25; 0; 7; 0; 1; 0; 0; 1; 0; 24
Sean Summerville; D; 17; 0; 0; 4; 1; 20; 0; 7; 2; 9; 0; 0; 1; 0; 20
Andrew Hoxie; F; 11; 0; 0; 4; 1; 25; 0; 5; 0; 0; 0; 0; 0; 0; 16
Jake Schindler; D; 20; 0; 0; 3; 6; 40; 0; 13; 8; 24; 0; 0; 0; 0; 7.5
Juninho Da Silva; M; 17; 0; 0; 3; 2; 35; 0; 20; 6; 5; 0; 0; 0; 0; 8.6
Edgar Bartolomeu; D; 25; 0; 0; 3; 1; 16; 0; 20; 8; 19; 0; 0; 0; 0; 18.8
Troy Cole; D; 20; 0; 0; 3; 1; 16; 0; 15; 4; 10; 0; 0; 0; 0; 18.8
Bato Radoncic; G,F; 8; 0; 0; 2; 2; 9; 0; 13; 0; 3; 1; 0; 0; 0; 22.2
Luis Enrique; F; 15; 0; 0; 2; 3; 16; 0; 6; 2; 0; 0; 0; 0; 0; 12.5
Jefferson Dargout; F; 13; 0; 0; 1; 5; 12; 0; 10; 0; 3; 0; 0; 0; 0; 8.3
J.P. Rodrigues; D; 8; 0; 0; 1; 1; 9; 0; 3; 0; 6; 0; 0; 1; 0; 11.1
Julian Myers; M; 9; 0; 0; 0; 0; 3; 0; 4; 0; 1; 0; 0; 0; 0; 0
George Morningstar; F; 6; 0; 0; 0; 0; 1; 0; 0; 0; 1; 0; 0; 0; 0; 0
Paul Craig; D,F; 14; 0; 0; 0; 0; 8; 0; 5; 0; 3; 0; 0; 0; 0; 0
Marc Sotile; G; 7; 0; 0; 0; 1; 0; 0; 0; 4; 0; 0; 0; 0; 0; 
Pat Hannigan; G; 4; 0; 0; 0; 1; 1; 0; 0; 0; 0; 0; 0; 0; 0; 0
Gavin McInerny; G; 9; 0; 0; 0; 0; 0; 0; 0; 0; 0; 0; 0; 0; 0; 


Team: St. Louis Ambush

Odaine Sinclair; F; 19; 0; 0; 12; 12; 57; 0; 44; 12; 1; 2; 0; 0; 0; 21.1
Kory Dowell; F; 20; 0; 0; 10; 5; 69; 0; 17; 0; 8; 1; 0; 1; 0; 14.5
Michael Roach; M; 19; 0; 0; 9; 9; 58; 0; 16; 13; 9; 0; 0; 0; 0; 15.5
Corey Adamson; M,F; 18; 0; 0; 8; 4; 42; 0; 17; 4; 10; 0; 0; 1; 0; 19
Dan Antoniuk; F,D; 17; 0; 0; 7; 7; 40; 0; 16; 5; 9; 0; 0; 2; 0; 17.5
Chad Vandegriffe; D; 19; 0; 0; 6; 3; 24; 0; 35; 20; 30; 0; 0; 0; 0; 25
Jeff DiMaria; F; 21; 0; 0; 6; 5; 37; 0; 12; 0; 14; 0; 0; 0; 0; 16.2
Matthew Kimball; F; 17; 0; 0; 5; 2; 36; 0; 19; 6; 11; 0; 0; 0; 0; 13.9
Richard Schmermund; D; 14; 0; 0; 5; 0; 29; 0; 17; 6; 13; 1; 0; 0; 0; 17.2
Michael Mesle; D; 18; 0; 0; 4; 4; 28; 0; 26; 13; 29; 0; 0; 0; 0; 14.3
Chris Mattingly; D,G; 19; 0; 0; 3; 0; 24; 0; 10; 6; 26; 1; 0; 0; 0; 12.5
Kyle Hopson; M; 17; 0; 0; 3; 2; 21; 0; 17; 4; 8; 0; 0; 0; 0; 14.3
Jake Bleyenberg; F; 11; 0; 0; 2; 1; 9; 0; 1; 0; 4; 1; 0; 0; 0; 22.2
Brian Groark; M; 10; 0; 0; 1; 3; 14; 0; 4; 2; 4; 0; 0; 0; 0; 7.1
Brandon Manzonelli; M; 6; 0; 0; 1; 0; 9; 0; 5; 0; 2; 0; 0; 0; 0; 11.1
Elvir Kafedzic; F,M; 5; 0; 0; 1; 0; 11; 0; 3; 0; 1; 0; 0; 0; 0; 9.1
Nick Aguilar; M; 6; 0; 0; 1; 0; 6; 0; 7; 0; 2; 0; 0; 0; 0; 16.7
Tim Vance; M,G; 10; 0; 0; 1; 2; 9; 0; 4; 0; 6; 0; 0; 0; 0; 11.1
Pat McSheehy; D; 14; 0; 0; 1; 2; 11; 0; 4; 0; 15; 0; 0; 0; 0; 9.1
Andres Acosta; M,F; 6; 0; 0; 0; 0; 2; 0; 6; 5; 2; 0; 0; 0; 0; 0
Nicholas Pollard; D; 5; 0; 0; 0; 0; 0; 0; 1; 0; 0; 0; 0; 0; 0; 
Brian Soell; F; 9; 0; 0; 0; 0; 10; 0; 5; 16; 10; 0; 0; 0; 0; 0
Tim Findall; D; 3; 0; 0; 0; 1; 7; 0; 4; 2; 2; 0; 0; 0; 0; 0
Jamar Beasley; M; 1; 0; 0; 0; 0; 0; 0; 0; 0; 0; 0; 0; 0; 0; 
Jeff Richey; G; 17; 0; 0; 0; 2; 2; 0; 0; 5; 0; 0; 0; 0; 0; 0
Greg Crook; F,G; 3; 0; 0; 0; 1; 0; 0; 0; 2; 0; 0; 0; 0; 0; 


Team: Syracuse Silver Knights

Kenardo Forbes; G,M,F; 23; 0; 0; 24; 14; 139; 0; 25; 16; 7; 4; 0; 1; 0; 17.3
Machel Millwood; F; 20; 0; 0; 18; 21; 88; 0; 16; 5; 6; 3; 0; 2; 0; 20.5
Slavisa Ubiparipovic; F,G; 17; 0; 0; 16; 10; 90; 0; 18; 6; 8; 0; 0; 2; 0; 17.8
Nelson Santana; M,D,G; 19; 0; 0; 14; 11; 75; 0; 39; 38; 29; 3; 0; 1; 0; 18.7
Nate Bourdeau; M,D; 20; 0; 0; 13; 3; 39; 0; 11; 7; 10; 0; 0; 2; 0; 33.3
Neto; F; 18; 0; 0; 12; 13; 78; 0; 35; 4; 4; 3; 0; 0; 0; 15.4
Cory Elenio; M; 18; 0; 0; 10; 9; 50; 0; 7; 2; 3; 0; 0; 2; 0; 20
Bozidar Jelovac; D; 19; 0; 0; 9; 8; 61; 0; 35; 2; 19; 0; 0; 1; 0; 14.8
Antonio Manfut; M,F; 20; 0; 0; 5; 5; 46; 0; 11; 4; 5; 0; 0; 0; 0; 10.9
LJ Papaleo; F; 18; 0; 0; 5; 2; 34; 0; 5; 8; 1; 0; 0; 1; 0; 14.7
Darren Toby; F; 18; 0; 0; 2; 0; 12; 0; 5; 5; 19; 0; 0; 0; 0; 16.7
Vittorio Petrera; D,M; 17; 0; 0; 2; 0; 8; 0; 2; 0; 4; 0; 0; 0; 0; 25
Marcos Chantel; D; 20; 0; 0; 1; 0; 20; 0; 11; 13; 18; 0; 0; 0; 0; 5
Domenico Vitale; D; 20; 0; 0; 1; 1; 10; 0; 10; 0; 13; 0; 0; 0; 0; 10
Marcelo Moreira; G; 3; 0; 0; 0; 0; 0; 0; 1; 0; 0; 0; 0; 0; 0; 
Mawuena Agbossoumonde; D; 3; 0; 0; 0; 0; 0; 0; 0; 0; 0; 0; 0; 0; 0; 
Angelo Reina; F; 17; 0; 0; 0; 0; 1; 0; 1; 2; 1; 0; 0; 0; 0; 0
Bryan O'Quinn; G; 16; 0; 0; 0; 3; 3; 0; 0; 0; 0; 0; 0; 0; 0; 0
Rick Pflasterer; GK; 1; 0; 0; 0; 0; 0; 0; 0; 0; 0; 0; 0; 0; 0; 
Rey Martinez; F,D; 5; 0; 0; 0; 0; 2; 0; 1; 0; 3; 0; 0; 0; 0; 0
