Season: 1999
Competition: World Indoor Soccer League
Key: name; position; games_played; _; _; goals; assists; shots; _, _, pim; blocks; ppg; shg; gwg; otg; s%

Team: Arizona Thunder

Rick Soderman; ; 21; 0; 0; 20; 24; 80; 0; 20; 4; 8; 8; 0; 2; 0; 25
Randy Soderman; D; 21; 0; 0; 16; 18; 115; 0; 23; 12; 30; 5; 1; 0; 0; 13.9
Jason Vanacour; ; 22; 0; 0; 14; 9; 97; 0; 27; 4; 59; 4; 1; 1; 1; 14.4
Kevin Berry; ; 22; 0; 0; 11; 11; 76; 0; 37; 20; 16; 0; 0; 0; 0; 14.5
Milos Tomic; ; 15; 0; 0; 10; 5; 40; 0; 27; 10; 11; 2; 0; 1; 1; 25
Carlos Farias; M; 8; 0; 0; 9; 4; 55; 0; 9; 8; 2; 1; 0; 1; 0; 16.4
Greg Veatch; M,G; 19; 0; 0; 8; 2; 28; 0; 12; 0; 10; 0; 0; 0; 0; 28.6
Sasha Hunter; ; 10; 0; 0; 8; 3; 16; 0; 10; 0; 6; 1; 0; 0; 0; 50
Dave Cameron; ; 19; 0; 0; 8; 9; 57; 0; 29; 17; 9; 0; 0; 1; 0; 14
Aaron Muth; ; 18; 0; 0; 7; 4; 30; 0; 13; 2; 2; 1; 0; 0; 0; 23.3
Kenny Wright; ; 20; 0; 0; 4; 1; 37; 0; 22; 4; 34; 0; 0; 0; 0; 10.8
Charles Case; ; 9; 0; 0; 2; 1; 6; 0; 10; 2; 2; 0; 0; 0; 0; 33.3
Joe Owen; ; 12; 0; 0; 1; 1; 20; 0; 3; 0; 2; 0; 0; 0; 0; 5
Tony Velazquez; ; 8; 0; 0; 1; 1; 9; 0; 2; 4; 1; 0; 0; 0; 0; 11.1
Mac Mcgee; ; 21; 0; 0; 1; 1; 22; 0; 16; 6; 13; 0; 0; 0; 0; 4.5
Freddy Haase; GK; 2; 0; 0; 0; 0; 0; 0; 0; 0; 0; 0; 0; 0; 0; 
Blair Quinn; GK; 3; 0; 0; 0; 1; 0; 0; 0; 2; 0; 0; 0; 0; 0; 
Ken Okano; ; 12; 0; 0; 0; 3; 9; 0; 5; 2; 4; 0; 0; 0; 0; 0
Chris Sagar; GK; 1; 0; 0; 0; 0; 0; 0; 0; 0; 0; 0; 0; 0; 0; 
Juan De La O; GK; 18; 0; 0; 0; 1; 0; 0; 0; 8; 0; 0; 0; 0; 0; 


Team: Dallas Sidekicks

David Doyle; M; 21; 0; 0; 29; 24; 144; 0; 23; 20; 21; 5; 0; 5; 0; 20.1
Tatu; F,D; 22; 0; 0; 27; 40; 140; 0; 26; 8; 13; 4; 0; 0; 0; 19.3
Nick Stavrou; M; 22; 0; 0; 21; 13; 102; 0; 24; 4; 17; 0; 0; 2; 1; 20.6
Patrick Shamu; M; 17; 0; 0; 16; 15; 68; 0; 36; 22; 11; 2; 0; 3; 0; 23.5
Terry Woodberry; M,F; 18; 0; 0; 11; 3; 51; 0; 21; 2; 9; 3; 0; 1; 0; 21.6
John Olu-Molomo; ; 14; 0; 0; 10; 6; 53; 0; 14; 13; 3; 0; 0; 0; 0; 18.9
Rusty Troy; F; 16; 0; 0; 9; 4; 54; 0; 8; 14; 46; 3; 0; 1; 0; 16.7
Dave Reichart; ; 21; 0; 0; 8; 3; 37; 0; 15; 8; 15; 0; 1; 0; 0; 21.6
Jose Alvarado; ; 22; 0; 0; 5; 4; 32; 0; 41; 2; 24; 0; 0; 1; 1; 15.6
Brad Flanagan; ; 21; 0; 0; 5; 4; 23; 0; 24; 4; 6; 0; 0; 1; 0; 21.7
David Hudgell; ; 14; 0; 0; 4; 2; 15; 0; 22; 8; 12; 0; 0; 0; 0; 26.7
Frank Filo; ; 21; 0; 0; 4; 1; 24; 0; 25; 2; 25; 0; 0; 1; 0; 16.7
Mike Powers; M,D; 19; 0; 0; 2; 1; 18; 0; 46; 6; 39; 0; 0; 0; 0; 11.1
Sagu; GK; 13; 0; 0; 1; 1; 6; 0; 4; 0; 0; 1; 0; 0; 0; 16.7
Shawn Ray; GK; 9; 0; 0; 0; 0; 0; 0; 3; 2; 0; 0; 0; 0; 0; 
Michael Curtis; ; 6; 0; 0; 0; 0; 0; 0; 0; 0; 1; 0; 0; 0; 0; 
Luis Moreno; ; 3; 0; 0; 0; 0; 1; 0; 1; 0; 0; 0; 0; 0; 0; 0
Hector Alvestostis; ; 5; 0; 0; 0; 1; 2; 0; 3; 0; 0; 0; 0; 0; 0; 0
Marc Stein; ; 1; 0; 0; 0; 0; 0; 0; 0; 0; 0; 0; 0; 0; 0; 
Kyle Owen; ; 13; 0; 0; 0; 0; 3; 0; 7; 0; 4; 0; 0; 0; 0; 0
Charles Ordonho; ; 3; 0; 0; 0; 0; 2; 0; 2; 0; 0; 0; 0; 0; 0; 0

Team: Houston Hotshots

Horacio Leone; ; 22; 0; 0; 20; 11; 114; 0; 17; 8; 5; 3; 1; 2; 0; 17.5
Giampaulo Pedroso; ; 21; 0; 0; 16; 6; 83; 0; 22; 14; 3; 4; 0; 3; 0; 19.3
Ziad Allan; ; 21; 0; 0; 8; 10; 71; 0; 21; 10; 17; 2; 0; 0; 0; 11.3
Nebo Bandovic; F; 5; 0; 0; 6; 1; 21; 0; 8; 0; 1; 1; 0; 0; 0; 28.6
Matthew Stewart; F,M; 17; 0; 0; 6; 5; 17; 0; 12; 6; 14; 1; 0; 0; 0; 35.3
Jon Gardner; ; 14; 0; 0; 6; 6; 35; 0; 20; 4; 20; 2; 0; 0; 0; 17.1
Mike Britton; ; 21; 0; 0; 5; 5; 50; 0; 10; 2; 32; 1; 0; 0; 0; 10
Beto; M; 22; 0; 0; 5; 14; 46; 0; 12; 2; 39; 0; 0; 0; 0; 10.9
Alejandro Moreno; F,M; 5; 0; 0; 4; 4; 19; 0; 10; 4; 1; 1; 0; 0; 0; 21.1
Arturo Castelan; ; 18; 0; 0; 3; 2; 30; 0; 23; 4; 29; 0; 0; 1; 1; 10
Gary Young; ; 17; 0; 0; 3; 2; 30; 0; 23; 8; 36; 0; 0; 0; 0; 10
Ty Beasley; ; 22; 0; 0; 2; 1; 16; 0; 17; 10; 11; 0; 0; 0; 0; 12.5
Carlos Igareta; ; 17; 0; 0; 2; 1; 6; 0; 14; 4; 11; 0; 0; 0; 0; 33.3
Tony Gasperetto; ; 18; 0; 0; 1; 1; 16; 0; 20; 12; 18; 0; 0; 0; 0; 6.3
Samuel Jeronimo; ; 7; 0; 0; 1; 0; 8; 0; 7; 2; 3; 0; 0; 0; 0; 12.5
Mirko Castillo; F; 4; 0; 0; 0; 0; 3; 0; 3; 2; 1; 0; 0; 0; 0; 0
Vedad Hadzajlic; ; 8; 0; 0; 0; 0; 0; 0; 0; 0; 2; 0; 0; 0; 0; 
Juan De La O; GK; 3; 0; 0; 0; 0; 0; 0; 1; 0; 0; 0; 0; 0; 0; 
Carlos Lessa; ; 2; 0; 0; 0; 1; 1; 0; 0; 0; 0; 0; 0; 0; 0; 0
Terry Waldorf; GK; 19; 0; 0; 0; 1; 3; 0; 1; 4; 0; 0; 0; 0; 0; 0
Shannon McPartland; ; 12; 0; 0; 0; 1; 8; 0; 6; 0; 1; 0; 0; 0; 0; 0
Stuart Strange; ; 1; 0; 0; 0; 0; 0; 0; 0; 0; 0; 0; 0; 0; 0; 
Kevin Campbell; ; 11; 0; 0; 0; 1; 1; 0; 9; 2; 7; 0; 0; 0; 0; 0



Team: Monterrey La Raza

Marco Lopez; F; 22; 0; 0; 27; 20; 159; 0; 21; 10; 20; 7; 0; 2; 0; 17
Marco Coria; G,D; 22; 0; 0; 21; 16; 104; 0; 33; 14; 14; 5; 1; 2; 0; 20.2
Mariano Bollella; M; 19; 0; 0; 17; 21; 108; 0; 18; 8; 15; 3; 0; 1; 0; 15.7
Zizinho; F; 21; 0; 0; 17; 9; 103; 0; 13; 2; 4; 7; 0; 3; 0; 16.5
Martin Hernandez; ; 22; 0; 0; 16; 7; 44; 0; 21; 4; 19; 1; 0; 1; 0; 36.4
Moises Garduno; ; 20; 0; 0; 10; 9; 43; 0; 22; 2; 5; 0; 0; 2; 1; 23.3
Alejandro Cardenas; D; 17; 0; 0; 10; 6; 101; 0; 35; 19; 39; 4; 0; 1; 0; 9.9
David Barbosa; ; 16; 0; 0; 5; 2; 17; 0; 15; 6; 2; 0; 0; 0; 0; 29.4
Miguel Pedraza; ; 9; 0; 0; 5; 3; 23; 0; 8; 0; 3; 0; 0; 0; 0; 21.7
Carlos Simental; ; 21; 0; 0; 3; 4; 39; 0; 20; 0; 11; 0; 0; 0; 0; 7.7
Cleto Bastos; ; 4; 0; 0; 3; 2; 13; 0; 3; 0; 1; 0; 0; 1; 0; 23.1
Francisco De La Garza; ; 18; 0; 0; 2; 2; 18; 0; 14; 4; 8; 0; 0; 0; 0; 11.1
Armando Teran; M; 7; 0; 0; 2; 0; 9; 0; 0; 0; 3; 0; 0; 0; 0; 22.2
Fabio Leite; ; 5; 0; 0; 1; 2; 10; 0; 4; 2; 1; 0; 0; 0; 0; 10
Jaime Cantu; ; 19; 0; 0; 1; 2; 32; 0; 19; 6; 47; 0; 0; 0; 0; 3.1
Juan Echavarria; ; 7; 0; 0; 1; 1; 11; 0; 1; 0; 4; 0; 0; 0; 0; 9.1
Sergio Gonzalez; ; 17; 0; 0; 1; 7; 31; 0; 25; 10; 28; 0; 0; 1; 0; 3.2
Baldemar Moreno; ; 2; 0; 0; 0; 0; 0; 0; 0; 0; 1; 0; 0; 0; 0; 
Tirzo Carpizo; GK; 2; 0; 0; 0; 0; 0; 0; 0; 2; 0; 0; 0; 0; 0; 
Rodolfo De Las Fuentes; ; 10; 0; 0; 0; 0; 12; 0; 7; 2; 5; 0; 0; 0; 0; 0
Raul Salas; GK; 20; 0; 0; 0; 2; 0; 0; 0; 0; 2; 0; 0; 0; 0; 
Guillermo Rangel; ; 1; 0; 0; 0; 0; 0; 0; 1; 0; 0; 0; 0; 0; 0; 
Max Aguiar; ; 7; 0; 0; 0; 2; 7; 0; 3; 2; 2; 0; 0; 0; 0; 0


Team: Sacramento Knights

Chris McDonald; ; 21; 0; 0; 21; 19; 109; 0; 42; 24; 11; 4; 1; 2; 0; 19.3
Lee Edgerton; ; 22; 0; 0; 20; 14; 87; 0; 24; 0; 11; 5; 1; 2; 0; 23
Brandon Cavitt; ; 22; 0; 0; 14; 8; 46; 0; 18; 6; 17; 0; 0; 2; 0; 30.4
Gerell Elliott; F; 19; 0; 0; 13; 12; 85; 0; 11; 4; 6; 2; 0; 2; 0; 15.3
Antonio Sutton; D; 19; 0; 0; 12; 3; 61; 0; 27; 14; 11; 1; 0; 4; 0; 19.7
Armando Valdivia; M; 21; 0; 0; 12; 7; 56; 0; 42; 18; 16; 1; 0; 2; 0; 21.4
Jeff Alcala; ; 22; 0; 0; 12; 10; 60; 0; 18; 12; 19; 5; 0; 1; 0; 20
Craig Huft; ; 19; 0; 0; 10; 15; 46; 0; 25; 8; 20; 4; 0; 2; 0; 21.7
Iain Fraser; D; 22; 0; 0; 7; 14; 66; 0; 29; 18; 35; 1; 0; 0; 0; 10.6
Martin Sims; ; 22; 0; 0; 6; 9; 41; 0; 24; 6; 8; 0; 0; 1; 0; 14.6
Rob Irvine; ; 21; 0; 0; 5; 1; 20; 0; 25; 4; 11; 0; 0; 1; 0; 25
Kevin Baena; ; 8; 0; 0; 4; 1; 16; 0; 11; 0; 3; 0; 0; 0; 0; 25
Jeremy Field; ; 22; 0; 0; 4; 4; 14; 0; 15; 4; 15; 0; 0; 0; 0; 28.6
Jorge Fernandez; D; 11; 0; 0; 4; 6; 20; 0; 19; 4; 1; 0; 0; 0; 0; 20
Paul Hansen; ; 18; 0; 0; 2; 4; 15; 0; 36; 12; 20; 0; 0; 0; 0; 13.3
Pat Harrington; GK; 21; 0; 0; 1; 1; 2; 0; 2; 10; 0; 0; 0; 0; 0; 50
Trace Hollis; GK; 9; 0; 0; 0; 0; 0; 0; 0; 0; 0; 0; 0; 0; 0; 
John Kuespert; ; 4; 0; 0; 0; 0; 0; 0; 1; 0; 1; 0; 0; 0; 0; 



Team: Utah Freezz

Beau Brown; ; 22; 0; 0; 21; 16; 106; 0; 28; 18; 23; 6; 1; 3; 2; 19.8
Justin Labrum; ; 22; 0; 0; 20; 9; 87; 0; 46; 6; 4; 1; 0; 1; 0; 23
Shane Jones; ; 21; 0; 0; 15; 13; 114; 0; 17; 12; 8; 2; 0; 1; 0; 13.2
Sterling Wescott; M; 22; 0; 0; 14; 13; 100; 0; 43; 14; 17; 1; 0; 1; 0; 14
Myles Stoddard; F; 21; 0; 0; 8; 5; 63; 0; 15; 14; 7; 0; 0; 2; 0; 12.7
Dave Huber; ; 22; 0; 0; 6; 2; 38; 0; 6; 2; 7; 0; 0; 1; 0; 15.8
Brian Alba; ; 22; 0; 0; 6; 6; 54; 0; 28; 12; 57; 0; 0; 0; 0; 11.1
Wes Sechrist; D; 20; 0; 0; 6; 10; 39; 0; 24; 28; 66; 3; 0; 1; 0; 15.4
Matt Johnson; F,G,D; 21; 0; 0; 5; 2; 15; 0; 21; 6; 23; 0; 0; 0; 0; 33.3
Bill Sedgewick; D; 7; 0; 0; 4; 3; 28; 0; 14; 6; 12; 2; 0; 0; 0; 14.3
Kevin Henderson; ; 10; 0; 0; 1; 2; 17; 0; 15; 0; 9; 0; 0; 0; 0; 5.9
Scott Jones; ; 6; 0; 0; 0; 0; 1; 0; 5; 0; 0; 0; 0; 0; 0; 0
Jake Atkins; ; 4; 0; 0; 0; 0; 0; 0; 0; 0; 0; 0; 0; 0; 0; 
Paul Williams; ; 1; 0; 0; 0; 0; 0; 0; 0; 0; 0; 0; 0; 0; 0; 
John Mabee; ; 8; 0; 0; 0; 0; 8; 0; 3; 0; 2; 0; 0; 0; 0; 0
Jimmy Davis; ; 8; 0; 0; 0; 1; 2; 0; 3; 6; 2; 0; 0; 0; 0; 0
Stuart Dobson; GK; 21; 0; 0; 0; 2; 5; 0; 2; 8; 0; 0; 0; 0; 0; 0
Stephen Danbusky; D; 10; 0; 0; 0; 1; 5; 0; 3; 0; 1; 0; 0; 0; 0; 0
Brock Varoz; ; 16; 0; 0; 0; 1; 4; 0; 9; 4; 3; 0; 0; 0; 0; 0
John Ragsdale; ; 1; 0; 0; 0; 0; 0; 0; 0; 0; 0; 0; 0; 0; 0; 





Season: 2000

Team: Arizona Thunder

Chris Scotti; ; 24; 0; 0; 14; 9; 67; 0; 20; 12; 8; 0; 0; 2; 1; 20.9
Sasha Hunter; ; 23; 0; 0; 12; 7; 33; 0; 35; 0; 9; 0; 0; 0; 0; 36.4
Jason Vanacour; ; 24; 0; 0; 11; 5; 138; 0; 28; 8; 71; 1; 1; 1; 0; 8
Larry Dube; ; 23; 0; 0; 10; 7; 55; 0; 27; 2; 11; 0; 0; 1; 0; 18.2
Milos Tomic; ; 23; 0; 0; 10; 8; 58; 0; 46; 10; 17; 2; 0; 1; 0; 17.2
Rick Soderman; ; 20; 0; 0; 9; 15; 60; 0; 12; 0; 9; 1; 0; 0; 0; 15
Randy Soderman; D; 21; 0; 0; 8; 8; 92; 0; 30; 6; 28; 2; 0; 0; 0; 8.7
Dave Cameron; ; 22; 0; 0; 7; 2; 46; 0; 30; 19; 14; 0; 0; 0; 0; 15.2
Kevin Berry; ; 19; 0; 0; 7; 3; 33; 0; 27; 2; 12; 1; 0; 0; 0; 21.2
Rene Ortiz; D; 16; 0; 0; 5; 6; 76; 0; 10; 12; 9; 0; 0; 1; 0; 6.6
Mark Kerlin; F; 15; 0; 0; 5; 2; 45; 0; 14; 8; 6; 1; 0; 0; 0; 11.1
Ziad Allan; ; 19; 0; 0; 4; 6; 43; 0; 18; 2; 10; 0; 0; 1; 0; 9.3
Don Gaillard; ; 11; 0; 0; 3; 2; 27; 0; 13; 2; 8; 0; 0; 0; 0; 11.1
Ramon Mojica; ; 18; 0; 0; 2; 3; 19; 0; 18; 4; 6; 0; 1; 1; 0; 10.5
Ante Cop; D,G; 3; 0; 0; 1; 1; 10; 0; 4; 0; 0; 0; 0; 1; 0; 10
Kenny Wright; ; 22; 0; 0; 1; 3; 18; 0; 26; 4; 30; 0; 0; 0; 0; 5.6
Gary Young; ; 19; 0; 0; 1; 3; 25; 0; 15; 12; 51; 0; 0; 0; 0; 4
Steve Ybarra; ; 1; 0; 0; 0; 0; 1; 0; 0; 0; 3; 0; 0; 0; 0; 0
Marty Flores; ; 4; 0; 0; 0; 0; 2; 0; 2; 0; 1; 0; 0; 0; 0; 0
Juan De La O; GK; 22; 0; 0; 0; 1; 1; 0; 3; 6; 0; 0; 0; 0; 0; 0
Freddy Haase; GK; 2; 0; 0; 0; 0; 0; 0; 0; 0; 0; 0; 0; 0; 0; 


Team: Dallas Sidekicks

David Doyle; M; 23; 0; 0; 26; 18; 166; 0; 28; 12; 25; 5; 0; 3; 0; 15.7
Giampaulo Pedroso; ; 19; 0; 0; 23; 5; 55; 0; 23; 4; 10; 5; 0; 4; 1; 41.8
Patrick Shamu; M; 24; 0; 0; 19; 16; 70; 0; 44; 8; 17; 1; 0; 0; 0; 27.1
Tatu; F,D; 24; 0; 0; 18; 33; 121; 0; 36; 6; 18; 5; 0; 2; 0; 14.9
Terry Woodberry; M,F; 24; 0; 0; 15; 10; 74; 0; 46; 8; 15; 3; 0; 1; 0; 20.3
Nick Stavrou; M; 23; 0; 0; 15; 13; 78; 0; 19; 6; 40; 0; 0; 1; 0; 19.2
Fabio Giminez; ; 23; 0; 0; 8; 4; 35; 0; 20; 4; 5; 0; 0; 0; 0; 22.9
Rusty Troy; F; 6; 0; 0; 6; 1; 27; 0; 6; 2; 11; 1; 0; 1; 0; 22.2
Eric McClellan; ; 21; 0; 0; 5; 2; 26; 0; 12; 2; 22; 0; 1; 1; 0; 19.2
Brad Flanagan; ; 24; 0; 0; 5; 5; 35; 0; 32; 6; 38; 0; 0; 0; 0; 14.3
Mike Powers; M,D; 16; 0; 0; 3; 1; 11; 0; 36; 8; 25; 0; 0; 0; 0; 27.3
Juan Sastoque; F; 2; 0; 0; 3; 0; 5; 0; 0; 0; 0; 0; 0; 0; 0; 60
Eric Dade; D; 8; 0; 0; 2; 1; 15; 0; 15; 4; 9; 0; 0; 1; 0; 13.3
Jose Alvarado; ; 23; 0; 0; 2; 4; 21; 0; 46; 10; 52; 0; 0; 2; 0; 9.5
Frank Filo; ; 23; 0; 0; 2; 5; 23; 0; 24; 2; 35; 0; 0; 0; 0; 8.7
Sagu; GK; 23; 0; 0; 1; 6; 4; 0; 3; 10; 0; 0; 1; 0; 0; 25
Bench; ; 0; 0; 0; 1; 0; 0; 0; 0; 2; 0; 0; 0; 1; 1; 
Joel Brewer; ; 4; 0; 0; 0; 0; 0; 0; 3; 0; 0; 0; 0; 0; 0; 
Eric Wilemon; ; 1; 0; 0; 0; 0; 0; 0; 0; 0; 0; 0; 0; 0; 0; 
Michael Curtis; ; 3; 0; 0; 0; 0; 1; 0; 4; 2; 1; 0; 0; 0; 0; 0
Kyle Owen; ; 5; 0; 0; 0; 0; 2; 0; 2; 0; 2; 0; 0; 0; 0; 0
Ted Eck; M-F; 3; 0; 0; 0; 1; 4; 0; 6; 2; 1; 0; 0; 0; 0; 0
Trevor Davis; GK; 1; 0; 0; 0; 0; 0; 0; 0; 2; 0; 0; 0; 0; 0; 



Team: Houston Hotshots

Clint Regier; ; 24; 0; 0; 31; 13; 79; 0; 40; 2; 3; 5; 0; 0; 0; 39.2
Horacio Leone; ; 24; 0; 0; 25; 21; 148; 0; 17; 2; 22; 5; 0; 2; 0; 16.9
Matthew Stewart; F,M; 23; 0; 0; 15; 9; 68; 0; 30; 11; 29; 0; 1; 0; 0; 22.1
Alejandro Moreno; F,M; 24; 0; 0; 13; 6; 118; 0; 53; 4; 22; 3; 0; 0; 1; 11
Ramon Fernandez; F; 23; 0; 0; 8; 8; 39; 0; 21; 0; 5; 0; 0; 0; 0; 20.5
Mike Remington; ; 23; 0; 0; 7; 8; 59; 0; 17; 12; 17; 2; 0; 1; 0; 11.9
Ty Beasley; ; 21; 0; 0; 5; 6; 28; 0; 36; 8; 30; 0; 1; 1; 0; 17.9
Beto; M; 24; 0; 0; 5; 9; 39; 0; 14; 4; 33; 1; 0; 1; 0; 12.8
Kiley Couch; D; 24; 0; 0; 4; 5; 50; 0; 38; 24; 61; 0; 0; 2; 0; 8
Ihor Dotsenko; F; 6; 0; 0; 4; 2; 18; 0; 6; 4; 0; 0; 0; 1; 0; 22.2
David Stewart; ; 19; 0; 0; 3; 3; 15; 0; 11; 0; 22; 0; 0; 0; 0; 20
Eller Allen; ; 7; 0; 0; 1; 0; 2; 0; 3; 2; 2; 0; 0; 0; 0; 50
Shannon McPartland; ; 5; 0; 0; 1; 1; 2; 0; 0; 0; 0; 0; 0; 1; 0; 50
John Nielsen; ; 9; 0; 0; 1; 0; 4; 0; 7; 2; 2; 0; 0; 0; 0; 25
Octavio Perez; M; 3; 0; 0; 1; 2; 2; 0; 0; 0; 1; 1; 0; 1; 0; 50
Jason Heth; ; 15; 0; 0; 1; 2; 10; 0; 9; 10; 12; 0; 0; 0; 0; 10
Kevin Campbell; ; 5; 0; 0; 0; 0; 3; 0; 3; 2; 1; 0; 0; 0; 0; 0
Juliano Lopes; ; 11; 0; 0; 0; 1; 1; 0; 2; 0; 0; 0; 0; 0; 0; 0
Terry Waldorf; GK; 24; 0; 0; 0; 3; 3; 0; 1; 4; 1; 0; 0; 0; 0; 0
Bobby Biggs; ; 5; 0; 0; 0; 0; 0; 0; 0; 0; 0; 0; 0; 0; 0; 
Marco Rizi; D; 6; 0; 0; 0; 1; 8; 0; 8; 6; 4; 0; 0; 0; 0; 0


Team: Monterrey La Raza

Marco Coria; G,D; 21; 0; 0; 27; 16; 117; 0; 35; 6; 26; 10; 1; 1; 0; 23.1
Mariano Bollella; M; 23; 0; 0; 27; 22; 151; 0; 24; 4; 10; 6; 0; 7; 2; 17.9
Renato Pereira; F; 24; 0; 0; 25; 11; 90; 0; 38; 4; 14; 3; 0; 5; 1; 27.8
Marco Lopez; F; 23; 0; 0; 20; 31; 129; 0; 41; 6; 23; 3; 0; 2; 0; 15.5
Genoni Martinez; D; 24; 0; 0; 15; 18; 153; 0; 29; 12; 30; 5; 0; 3; 0; 9.8
David Barbosa; ; 21; 0; 0; 12; 5; 57; 0; 73; 2; 7; 1; 0; 1; 0; 21.1
Alejandro Cardenas; D; 23; 0; 0; 11; 8; 83; 0; 33; 8; 29; 0; 1; 0; 0; 13.3
Martin Hernandez; ; 21; 0; 0; 9; 6; 51; 0; 19; 9; 31; 0; 0; 0; 0; 17.6
Fabio Leite; ; 19; 0; 0; 6; 9; 45; 0; 16; 2; 9; 1; 0; 0; 0; 13.3
Moises Garduno; ; 22; 0; 0; 5; 6; 34; 0; 18; 2; 5; 2; 0; 0; 0; 14.7
Sergio Gonzalez; ; 19; 0; 0; 3; 5; 43; 0; 31; 8; 22; 0; 0; 0; 0; 7
Armando Teran; M; 22; 0; 0; 3; 1; 14; 0; 6; 0; 6; 0; 0; 1; 0; 21.4
Rolando Esquer; ; 20; 0; 0; 2; 1; 23; 0; 16; 10; 8; 0; 0; 0; 0; 8.7
David Pereyra; F; 3; 0; 0; 1; 0; 2; 0; 5; 9; 1; 0; 0; 0; 0; 50
Omar Gutierrez; ; 6; 0; 0; 0; 0; 6; 0; 4; 2; 3; 0; 0; 0; 0; 0
Carlos Simental; ; 11; 0; 0; 0; 1; 13; 0; 6; 4; 5; 0; 0; 0; 0; 0
Raul Salas; GK; 24; 0; 0; 0; 4; 9; 0; 0; 0; 0; 0; 0; 0; 0; 0
Guillermo Castaneda; ; 1; 0; 0; 0; 0; 0; 0; 0; 0; 0; 0; 0; 0; 0; 


Team: Sacramento Knights

Chris McDonald; ; 24; 0; 0; 19; 14; 111; 0; 59; 30; 17; 4; 0; 1; 0; 17.1
Antonio Sutton; D; 19; 0; 0; 18; 6; 69; 0; 28; 12; 15; 2; 0; 0; 1; 26.1
Gerell Elliott; F; 23; 0; 0; 10; 6; 76; 0; 15; 4; 15; 1; 0; 0; 0; 13.2
Jeff Alcala; ; 22; 0; 0; 8; 5; 44; 0; 17; 4; 22; 2; 0; 0; 0; 18.2
Jorge Fernandez; D; 24; 0; 0; 7; 5; 58; 0; 42; 4; 9; 0; 0; 0; 1; 12.1
Rob Irvine; ; 24; 0; 0; 7; 5; 45; 0; 28; 14; 18; 1; 0; 0; 0; 15.6
Iain Fraser; D; 23; 0; 0; 5; 7; 57; 0; 34; 14; 56; 1; 0; 1; 0; 8.8
Armando Valdivia; M; 11; 0; 0; 4; 4; 27; 0; 20; 14; 7; 2; 0; 0; 0; 14.8
Brandon Cavitt; ; 24; 0; 0; 4; 4; 40; 0; 28; 12; 4; 0; 1; 1; 0; 10
Sean Callahan; ; 18; 0; 0; 3; 3; 20; 0; 11; 4; 10; 0; 0; 0; 0; 15
Fadi Afash; ; 15; 0; 0; 2; 5; 24; 0; 22; 0; 3; 0; 0; 0; 0; 8.3
Chris Alcala; ; 2; 0; 0; 2; 0; 2; 0; 4; 0; 0; 0; 0; 0; 0; 100
Bench; ; 0; 0; 0; 1; 0; 0; 0; 0; 0; 0; 0; 0; 1; 1; 
Pat Harrington; GK; 21; 0; 0; 1; 1; 3; 0; 9; 5; 0; 0; 0; 0; 0; 33.3
Randall Porter; D,G; 11; 0; 0; 1; 1; 6; 0; 15; 6; 4; 0; 0; 0; 0; 16.7
Craig Huft; ; 7; 0; 0; 1; 1; 7; 0; 7; 6; 10; 0; 0; 0; 0; 14.3
Paul Hansen; ; 18; 0; 0; 1; 6; 18; 0; 28; 19; 31; 0; 0; 1; 0; 5.6
Guy Lima; ; 5; 0; 0; 0; 2; 8; 0; 9; 2; 3; 0; 0; 0; 0; 0
Jeremy Field; ; 24; 0; 0; 0; 4; 17; 0; 29; 6; 14; 0; 0; 0; 0; 0
Trace Hollis; GK; 7; 0; 0; 0; 0; 0; 0; 1; 0; 0; 0; 0; 0; 0; 

Team: St. Louis Steamers

Mark Moser; F; 16; 0; 0; 26; 4; 97; 0; 17; 16; 5; 4; 0; 2; 1; 26.8
Kevin Quigley; ; 24; 0; 0; 21; 8; 100; 0; 29; 10; 22; 0; 1; 2; 1; 21
Jeff DiMaria; F; 24; 0; 0; 17; 6; 48; 0; 17; 8; 13; 1; 0; 1; 0; 35.4
Joe Reiniger; F; 13; 0; 0; 15; 10; 76; 0; 9; 4; 7; 1; 0; 1; 0; 19.7
Jeff Davis; D; 24; 0; 0; 11; 10; 85; 0; 23; 10; 65; 3; 0; 1; 0; 12.9
Daryl Doran; M; 27; 0; 0; 8; 11; 42; 0; 17; 6; 32; 1; 0; 0; 0; 19
Daniel Donigan; F; 10; 0; 0; 7; 6; 25; 0; 9; 2; 15; 0; 0; 2; 0; 28
Kevin Koetters; M; 10; 0; 0; 4; 8; 22; 0; 10; 0; 4; 1; 0; 0; 0; 18.2
Kirk Moser; ; 12; 0; 0; 3; 3; 20; 0; 25; 4; 1; 0; 0; 0; 0; 15
Scott Mcdoniel; ; 13; 0; 0; 3; 4; 16; 0; 11; 5; 10; 0; 0; 0; 0; 18.8
Kevin Groark; ; 18; 0; 0; 3; 5; 29; 0; 19; 0; 20; 0; 0; 0; 0; 10.3
Curtis Stelzer; ; 12; 0; 0; 2; 3; 27; 0; 17; 6; 7; 0; 0; 0; 0; 7.4
Kevin Hundelt; D,M; 22; 0; 0; 2; 13; 34; 0; 21; 6; 47; 0; 0; 0; 0; 5.9
D.J. Newsom; D; 19; 0; 0; 1; 1; 20; 0; 26; 2; 26; 0; 0; 0; 0; 5
Ken Costello; ; 18; 0; 0; 1; 1; 20; 0; 17; 8; 38; 0; 0; 0; 0; 5
Pat Mann; ; 16; 0; 0; 1; 0; 5; 0; 9; 0; 22; 0; 0; 0; 0; 20
Chris Kenny; D; 1; 0; 0; 0; 0; 1; 0; 1; 0; 0; 0; 0; 0; 0; 0
Brad Hansmann; ; 1; 0; 0; 0; 0; 1; 0; 1; 0; 0; 0; 0; 0; 0; 0
Mike Payne; GK; 1; 0; 0; 0; 0; 0; 0; 1; 0; 2; 0; 0; 0; 0; 
Steve Siebert; ; 1; 0; 0; 0; 0; 0; 0; 0; 0; 0; 0; 0; 0; 0; 
Pat Barry; ; 1; 0; 0; 0; 0; 0; 0; 0; 0; 0; 0; 0; 0; 0; 
Chris Smith; GK; 3; 0; 0; 0; 0; 3; 0; 0; 2; 0; 0; 0; 0; 0; 0
Dan Harvatin; ; 4; 0; 0; 0; 0; 4; 0; 2; 0; 0; 0; 0; 0; 0; 0
Joe Smugala; ; 10; 0; 0; 0; 2; 8; 0; 5; 2; 4; 0; 0; 0; 0; 0
Brett Phillips; GK; 21; 0; 0; 0; 8; 5; 0; 1; 4; 0; 0; 0; 0; 0; 0
Brad Jordan; ; 7; 0; 0; 0; 1; 9; 0; 5; 0; 2; 0; 0; 0; 0; 0
John Ryan; ; 8; 0; 0; 0; 1; 4; 0; 4; 0; 3; 0; 0; 0; 0; 0
Tim Walters; F; 1; 0; 0; 0; 0; 0; 0; 1; 0; 0; 0; 0; 0; 0; 
John Johnson; ; 3; 0; 0; 0; 0; 3; 0; 2; 0; 0; 0; 0; 0; 0; 0


Team: Utah Freezz

Beau Brown; ; 24; 0; 0; 26; 15; 125; 0; 39; 8; 22; 9; 0; 2; 1; 20.8
Jeff Betts; ; 21; 0; 0; 18; 17; 100; 0; 16; 6; 11; 1; 0; 1; 0; 18
Rob Baarts; ; 24; 0; 0; 14; 17; 128; 0; 10; 0; 42; 2; 0; 1; 0; 10.9
Sterling Wescott; M; 16; 0; 0; 11; 5; 40; 0; 21; 8; 7; 0; 1; 1; 0; 27.5
Justin Labrum; ; 24; 0; 0; 11; 16; 101; 0; 43; 12; 6; 0; 0; 1; 0; 10.9
Matt Johnson; F,G,D; 24; 0; 0; 9; 6; 39; 0; 57; 12; 21; 0; 0; 2; 0; 23.1
Jake Atkins; ; 22; 0; 0; 8; 0; 33; 0; 21; 12; 13; 0; 0; 1; 0; 24.2
Craig Rhodis; D; 24; 0; 0; 8; 3; 51; 0; 25; 4; 32; 0; 0; 1; 1; 15.7
Myles Stoddard; F; 22; 0; 0; 6; 5; 62; 0; 31; 2; 15; 0; 0; 0; 0; 9.7
Dave Huber; ; 23; 0; 0; 6; 5; 59; 0; 8; 8; 5; 2; 0; 2; 0; 10.2
Kevin Legg; ; 5; 0; 0; 2; 0; 11; 0; 5; 0; 0; 1; 0; 0; 0; 18.2
Scott Jones; ; 16; 0; 0; 2; 0; 11; 0; 19; 11; 1; 0; 0; 0; 0; 18.2
Brock Varoz; ; 13; 0; 0; 2; 2; 5; 0; 10; 2; 1; 0; 0; 1; 0; 40
Bench; ; 0; 0; 0; 1; 0; 0; 0; 0; 0; 0; 0; 0; 1; 1; 
Wes Sechrist; D; 23; 0; 0; 1; 4; 18; 0; 30; 9; 25; 0; 0; 1; 1; 5.6
Matt Broadhead; ; 9; 0; 0; 0; 0; 4; 0; 1; 0; 1; 0; 0; 0; 0; 0
Brian Alba; ; 22; 0; 0; 0; 2; 35; 0; 35; 16; 20; 0; 0; 0; 0; 0
Nick Vorberg; GK; 24; 0; 0; 0; 3; 7; 0; 0; 0; 0; 0; 0; 0; 0; 0
Ben Huber; ; 2; 0; 0; 0; 0; 1; 0; 1; 2; 0; 0; 0; 0; 0; 0


Season: 2001

Team: Dallas Sidekicks

David Doyle; M; 24; 0; 0; 22; 14; 148; 0; 26; 18; 19; 5; 0; 3; 0; 14.9
Patrick Shamu; M; 24; 0; 0; 14; 4; 59; 0; 48; 16; 11; 1; 0; 1; 0; 23.7
Tatu; F,D; 24; 0; 0; 13; 26; 80; 0; 24; 2; 7; 3; 0; 3; 0; 16.3
Marco Coria; G,D; 23; 0; 0; 13; 12; 71; 0; 25; 14; 7; 2; 0; 1; 1; 18.3
Giampaulo Pedroso; ; 21; 0; 0; 9; 2; 41; 0; 22; 4; 4; 1; 0; 1; 0; 22
Brad Flanagan; ; 23; 0; 0; 8; 6; 34; 0; 27; 10; 18; 0; 0; 0; 0; 23.5
Armando Valdivia; M; 24; 0; 0; 7; 5; 48; 0; 49; 2; 16; 0; 0; 2; 1; 14.6
Terry Woodberry; M,F; 21; 0; 0; 7; 7; 55; 0; 25; 0; 16; 1; 0; 0; 0; 12.7
Rusty Troy; F; 19; 0; 0; 5; 2; 44; 0; 15; 0; 28; 1; 0; 1; 0; 11.4
Eric Dade; D; 12; 0; 0; 4; 2; 11; 0; 17; 4; 6; 0; 0; 1; 0; 36.4
Frank Filo; ; 24; 0; 0; 3; 3; 28; 0; 31; 2; 17; 0; 0; 1; 0; 10.7
Nick Stavrou; M; 12; 0; 0; 2; 2; 28; 0; 14; 0; 11; 1; 0; 0; 0; 7.1
Jose Alvarado; ; 7; 0; 0; 1; 1; 8; 0; 12; 4; 6; 0; 0; 0; 0; 12.5
Marco Lopez; F; 7; 0; 0; 1; 3; 19; 0; 4; 0; 2; 1; 0; 0; 0; 5.3
Sergio Franklin; GK; 4; 0; 0; 0; 1; 0; 0; 0; 0; 0; 0; 0; 0; 0; 
Michael Curtis; ; 6; 0; 0; 0; 0; 1; 0; 4; 0; 2; 0; 0; 0; 0; 0
Gary Young; ; 12; 0; 0; 0; 1; 8; 0; 5; 0; 11; 0; 0; 0; 0; 0
Sagu; GK; 20; 0; 0; 0; 4; 2; 0; 3; 13; 0; 0; 0; 0; 0; 0
Joel Brewer; ; 2; 0; 0; 0; 0; 0; 0; 0; 0; 0; 0; 0; 0; 0; 
Mike Powers; M,D; 15; 0; 0; 0; 3; 2; 0; 21; 4; 15; 0; 0; 0; 0; 0


Team: Sacramento Knights

Horacio Leone; ; 24; 0; 0; 25; 17; 106; 0; 22; 0; 10; 4; 0; 1; 0; 23.6
Antonio Sutton; D; 22; 0; 0; 20; 6; 88; 0; 22; 6; 11; 1; 0; 3; 1; 22.7
Chris McDonald; ; 24; 0; 0; 19; 14; 125; 0; 47; 22; 22; 0; 0; 2; 0; 15.2
Lee Edgerton; ; 16; 0; 0; 17; 8; 52; 0; 16; 2; 4; 5; 0; 1; 0; 32.7
Matt Dejong; ; 22; 0; 0; 8; 7; 37; 0; 22; 0; 12; 0; 0; 0; 0; 21.6
Brandon Cavitt; ; 24; 0; 0; 7; 9; 31; 0; 27; 6; 11; 0; 0; 2; 0; 22.6
Leighton O'Brien; M; 19; 0; 0; 7; 6; 28; 0; 27; 2; 12; 2; 0; 0; 0; 25
Jeremy Field; ; 16; 0; 0; 4; 4; 8; 0; 15; 6; 7; 0; 0; 1; 0; 50
Ty Beasley; ; 24; 0; 0; 4; 5; 29; 0; 36; 10; 28; 0; 0; 0; 0; 13.8
Curtis Stelzer; ; 6; 0; 0; 3; 2; 23; 0; 9; 6; 2; 1; 0; 0; 0; 13
Paul Hansen; ; 18; 0; 0; 2; 7; 16; 0; 21; 6; 39; 0; 0; 0; 0; 12.5
Craig Huft; ; 11; 0; 0; 2; 3; 6; 0; 8; 6; 7; 0; 0; 0; 0; 33.3
Ben Stoian; ; 16; 0; 0; 2; 0; 13; 0; 17; 2; 15; 0; 0; 0; 0; 15.4
Jorge Fernandez; D; 3; 0; 0; 1; 0; 4; 0; 5; 0; 0; 0; 0; 0; 0; 25
Bench; ; 0; 0; 0; 1; 0; 1; 0; 0; 10; 0; 0; 0; 1; 1; 100
Fadi Afash; ; 3; 0; 0; 1; 0; 5; 0; 0; 0; 2; 0; 0; 0; 0; 20
Mike Preis; ; 13; 0; 0; 0; 1; 7; 0; 10; 2; 3; 0; 0; 0; 0; 0
Trace Hollis; GK; 4; 0; 0; 0; 1; 0; 0; 0; 0; 0; 0; 0; 0; 0; 
Juan De La O; GK; 19; 0; 0; 0; 2; 0; 0; 0; 2; 0; 0; 0; 0; 0; 
Ramon Mojica; ; 20; 0; 0; 0; 2; 20; 0; 26; 2; 7; 0; 0; 0; 0; 0
Art Temblador; ; 1; 0; 0; 0; 0; 0; 0; 1; 0; 0; 0; 0; 0; 0; 
Iain Fraser; D; 24; 0; 0; 0; 9; 30; 0; 24; 16; 49; 0; 0; 0; 0; 0




Team: San Diego Sockers

Carlos Farias; M; 23; 0; 0; 22; 18; 144; 0; 28; 12; 9; 3; 1; 2; 0; 15.3
Matthew Stewart; F,M; 22; 0; 0; 20; 7; 93; 0; 20; 0; 32; 3; 1; 2; 0; 21.5
Renato Pereira; F; 23; 0; 0; 16; 7; 62; 0; 20; 4; 3; 4; 0; 1; 0; 25.8
Mauricio Alegre; M; 20; 0; 0; 14; 5; 54; 0; 24; 9; 6; 1; 0; 1; 0; 25.9
Mariano Bollella; M; 21; 0; 0; 12; 17; 104; 0; 24; 8; 15; 1; 0; 1; 0; 11.5
Aaron Susi; G,F; 15; 0; 0; 8; 0; 37; 0; 17; 4; 2; 0; 0; 3; 1; 21.6
Antonio Farace; ; 23; 0; 0; 7; 9; 66; 0; 53; 10; 18; 1; 0; 0; 0; 10.6
David Beltran; D; 23; 0; 0; 6; 5; 40; 0; 39; 4; 26; 0; 0; 1; 0; 15
Alejandro Cardenas; D; 19; 0; 0; 6; 13; 53; 0; 38; 14; 39; 1; 0; 0; 0; 11.3
Chris Scotti; ; 21; 0; 0; 5; 4; 42; 0; 24; 4; 9; 0; 0; 0; 0; 11.9
Shandley Phillips; ; 9; 0; 0; 5; 1; 11; 0; 8; 4; 1; 0; 0; 2; 1; 45.5
Gaston Pernia; D; 23; 0; 0; 4; 5; 43; 0; 40; 24; 53; 0; 0; 0; 0; 9.3
Tony Velazquez; ; 12; 0; 0; 2; 0; 9; 0; 3; 0; 0; 0; 0; 0; 0; 22.2
Joey Martinez; D; 9; 0; 0; 2; 0; 7; 0; 12; 0; 9; 0; 0; 0; 0; 28.6
James Wang; ; 14; 0; 0; 2; 3; 30; 0; 5; 2; 24; 2; 0; 0; 0; 6.7
Antonio Robles; ; 12; 0; 0; 1; 2; 8; 0; 12; 4; 4; 0; 0; 0; 0; 12.5
Shawn Beyer; ; 19; 0; 0; 1; 3; 21; 0; 17; 4; 32; 0; 0; 0; 0; 4.8
Riley Swift; GK; 3; 0; 0; 0; 0; 0; 0; 0; 2; 0; 0; 0; 0; 0; 
Dezso Horvath; GK; 21; 0; 0; 0; 4; 3; 0; 2; 0; 0; 0; 0; 0; 0; 0
Robert Romero; ; 1; 0; 0; 0; 0; 0; 0; 0; 0; 1; 0; 0; 0; 0; 


Team: St. Louis Steamers

Daryl Doran; M; 24; 0; 0; 24; 11; 92; 0; 18; 6; 23; 6; 0; 2; 1; 26.1
Mark Moser; F; 19; 0; 0; 20; 6; 75; 0; 35; 20; 9; 3; 0; 3; 0; 26.7
Clovis Simas; ; 12; 0; 0; 14; 4; 60; 0; 13; 2; 15; 2; 0; 0; 0; 23.3
Kevin Quigley; ; 16; 0; 0; 13; 7; 64; 0; 14; 0; 8; 0; 1; 1; 0; 20.3
Jeff Davis; D; 22; 0; 0; 11; 5; 81; 0; 24; 6; 45; 2; 1; 0; 0; 13.6
Clint Regier; ; 22; 0; 0; 9; 12; 42; 0; 31; 0; 12; 0; 0; 2; 0; 21.4
Jeff DiMaria; F; 19; 0; 0; 8; 7; 39; 0; 21; 2; 8; 0; 0; 0; 0; 20.5
Fernando Errecalde; ; 16; 0; 0; 7; 14; 36; 0; 18; 8; 12; 0; 0; 1; 0; 19.4
Kevin Groark; ; 21; 0; 0; 6; 3; 42; 0; 25; 0; 15; 0; 0; 1; 1; 14.3
Tim Tedoni; ; 24; 0; 0; 3; 4; 36; 0; 26; 10; 35; 0; 0; 0; 0; 8.3
Kevin Koetters; M; 8; 0; 0; 2; 2; 11; 0; 12; 0; 5; 0; 0; 0; 0; 18.2
Bojan Vuckovic; F; 7; 0; 0; 2; 0; 35; 0; 4; 2; 3; 0; 0; 1; 1; 5.7
Carlton Williams; ; 18; 0; 0; 1; 2; 13; 0; 11; 2; 16; 0; 0; 0; 0; 7.7
D.J. Newsom; D; 23; 0; 0; 1; 3; 21; 0; 30; 4; 25; 0; 0; 0; 0; 4.8
Kevin Hundelt; D,M; 21; 0; 0; 1; 18; 39; 0; 17; 6; 36; 1; 0; 0; 0; 2.6
Kirk Moser; ; 6; 0; 0; 0; 0; 2; 0; 5; 0; 1; 0; 0; 0; 0; 0
Joe Smugala; ; 4; 0; 0; 0; 0; 2; 0; 1; 0; 4; 0; 0; 0; 0; 0
Harry Weiss; ; 15; 0; 0; 0; 0; 13; 0; 15; 2; 4; 0; 0; 0; 0; 0
Brett Phillips; GK; 20; 0; 0; 0; 4; 2; 0; 1; 4; 0; 0; 0; 0; 0; 0
Ken Costello; ; 2; 0; 0; 0; 0; 1; 0; 1; 0; 1; 0; 0; 0; 0; 0
Brandon Gibbs; ; 6; 0; 0; 0; 1; 1; 0; 2; 0; 0; 0; 0; 0; 0; 0
Chris Smith; GK; 4; 0; 0; 0; 1; 0; 0; 0; 0; 0; 0; 0; 0; 0; 


Team: Utah Freezz

Justin Labrum; ; 24; 0; 0; 22; 9; 112; 0; 41; 14; 7; 1; 0; 2; 0; 19.6
Sterling Wescott; M; 17; 0; 0; 17; 10; 74; 0; 36; 6; 5; 5; 1; 2; 0; 23
Myles Stoddard; F; 19; 0; 0; 13; 6; 72; 0; 19; 6; 15; 0; 0; 0; 0; 18.1
Jeff Betts; ; 22; 0; 0; 11; 17; 107; 0; 29; 10; 5; 0; 0; 0; 0; 10.3
Craig Rhodis; D; 23; 0; 0; 9; 8; 54; 0; 30; 6; 43; 2; 0; 1; 0; 16.7
Scott Jones; ; 23; 0; 0; 8; 2; 33; 0; 30; 0; 3; 0; 0; 1; 0; 24.2
Beau Brown; ; 24; 0; 0; 8; 19; 110; 0; 37; 2; 13; 1; 0; 2; 0; 7.3
Jake Atkins; ; 23; 0; 0; 6; 4; 55; 0; 37; 8; 11; 0; 0; 0; 0; 10.9
Matt Johnson; F,G,D; 24; 0; 0; 5; 7; 66; 0; 42; 4; 18; 0; 0; 1; 0; 7.6
James Dunn; ; 14; 0; 0; 4; 4; 40; 0; 13; 2; 21; 2; 0; 0; 0; 10
Brock Varoz; ; 24; 0; 0; 4; 1; 34; 0; 34; 6; 6; 0; 0; 1; 0; 11.8
Simplice Djahanou; ; 12; 0; 0; 2; 0; 3; 0; 11; 0; 1; 0; 0; 0; 0; 66.7
Matt Smith; ; 13; 0; 0; 1; 0; 9; 0; 9; 0; 2; 0; 0; 0; 0; 11.1
Matt Broadhead; ; 13; 0; 0; 1; 2; 11; 0; 6; 0; 2; 0; 0; 0; 0; 9.1
Shane Jones; ; 1; 0; 0; 1; 1; 3; 0; 0; 0; 1; 0; 0; 0; 0; 33.3
Wes Sechrist; D; 21; 0; 0; 1; 5; 25; 0; 31; 10; 29; 0; 0; 0; 0; 4
Stan Karasi; M; 1; 0; 0; 0; 0; 1; 0; 2; 0; 1; 0; 0; 0; 0; 0
Glenn Puckrin; ; 11; 0; 0; 0; 0; 3; 0; 14; 6; 2; 0; 0; 0; 0; 0
Nick Vorberg; GK; 24; 0; 0; 0; 5; 7; 0; 1; 2; 0; 0; 0; 0; 0; 0
Josh Dunn; ; 1; 0; 0; 0; 0; 0; 0; 1; 0; 0; 0; 0; 0; 0; 



Competition: Premier Soccer Alliance
Season: 1998

Team: Arizona Thunder

Aaron Muth; ; 7; 0; 0; 7; 0; 11; 0; 3; 0; 1; 0; 0; 0; 0; 63.6
Randy Soderman; D; 7; 0; 0; 7; 3; 31; 0; 11; 8; 7; 0; 0; 1; 0; 22.6
Mark Kerlin; F; 7; 0; 0; 4; 8; 26; 0; 5; 8; 3; 0; 0; 0; 0; 15.4
Kevin Berry; ; 5; 0; 0; 4; 1; 11; 0; 7; 0; 2; 0; 0; 0; 0; 36.4
Rick Soderman; ; 7; 0; 0; 3; 3; 19; 0; 4; 0; 2; 0; 0; 0; 0; 15.8
Milo Iniquez; ; 7; 0; 0; 3; 0; 10; 0; 2; 0; 4; 0; 0; 0; 0; 30
Jason Vanacour; ; 7; 0; 0; 2; 2; 24; 0; 7; 2; 17; 1; 0; 0; 0; 8.3
Dave Cameron; ; 7; 0; 0; 2; 3; 18; 0; 8; 0; 7; 0; 0; 2; 0; 11.1
Mate Kozul; ; 7; 0; 0; 1; 2; 11; 0; 7; 0; 2; 0; 0; 0; 0; 9.1
Greg Archuleta; ; 3; 0; 0; 1; 2; 1; 0; 1; 2; 1; 0; 0; 0; 0; 100
Greg Veatch; M,G; 5; 0; 0; 1; 1; 8; 0; 1; 0; 6; 0; 0; 0; 0; 12.5
Mac Mcgee; ; 5; 0; 0; 1; 1; 3; 0; 2; 2; 1; 0; 0; 0; 0; 33.3
Maxi Viera; M; 1; 0; 0; 0; 0; 0; 0; 0; 0; 0; 0; 0; 0; 0; 
Scott Hileman; ; 1; 0; 0; 0; 0; 0; 0; 1; 0; 0; 0; 0; 0; 0; 
Chris Sagar; GK; 7; 0; 0; 0; 1; 1; 0; 1; 4; 0; 0; 0; 0; 0; 0
Don Gaillard; ; 7; 0; 0; 0; 4; 17; 0; 3; 2; 1; 0; 0; 0; 0; 0
Tom Bratcher; ; 1; 0; 0; 0; 0; 0; 0; 0; 0; 0; 0; 0; 0; 0; 
Kenny Wright; ; 6; 0; 0; 0; 3; 14; 0; 10; 0; 7; 0; 0; 0; 0; 0


Team: Dallas Sidekicks

Tatu; F,D; 9; 0; 0; 13; 8; 61; 0; 11; 2; 6; 0; 0; 2; 0; 21.3
Patrick Shamu; M; 9; 0; 0; 8; 5; 21; 0; 11; 0; 8; 1; 0; 1; 0; 38.1
Nick Stavrou; M; 10; 0; 0; 8; 7; 41; 0; 11; 2; 10; 0; 0; 2; 0; 19.5
David Doyle; M; 10; 0; 0; 7; 10; 60; 0; 7; 14; 8; 1; 0; 0; 0; 11.7
Rusty Troy; F; 7; 0; 0; 7; 2; 22; 0; 9; 2; 14; 3; 0; 1; 0; 31.8
Giampaulo Pedroso; ; 10; 0; 0; 6; 10; 26; 0; 18; 2; 6; 1; 0; 0; 0; 23.1
Frank Filo; ; 10; 0; 0; 4; 1; 10; 0; 7; 0; 10; 0; 0; 0; 0; 40
Beto; M; 10; 0; 0; 4; 3; 9; 0; 9; 2; 7; 2; 0; 1; 0; 44.4
Beau Brown; ; 7; 0; 0; 3; 1; 13; 0; 5; 0; 6; 0; 0; 0; 0; 23.1
Dave Reichart; ; 6; 0; 0; 3; 1; 16; 0; 6; 2; 2; 0; 0; 1; 0; 18.8
Gary Young; ; 4; 0; 0; 3; 0; 11; 0; 7; 0; 4; 0; 0; 0; 0; 27.3
Mike Powers; M,D; 10; 0; 0; 0; 2; 5; 0; 26; 2; 11; 0; 0; 0; 0; 0
Luis Moreno; ; 4; 0; 0; 0; 0; 0; 0; 0; 0; 1; 0; 0; 0; 0; 
David West; GK; 1; 0; 0; 0; 0; 0; 0; 0; 0; 0; 0; 0; 0; 0; 
Eloy Salgado; F; 1; 0; 0; 0; 0; 0; 0; 1; 0; 0; 0; 0; 0; 0; 
Nick Efthimiou; ; 1; 0; 0; 0; 0; 0; 0; 0; 0; 0; 0; 0; 0; 0; 
Chuck Salas; ; 1; 0; 0; 0; 0; 1; 0; 0; 0; 0; 0; 0; 0; 0; 0
Kyle Owen; ; 2; 0; 0; 0; 0; 1; 0; 0; 0; 0; 0; 0; 0; 0; 0
Kevin Smith; M; 2; 0; 0; 0; 2; 1; 0; 1; 0; 0; 0; 0; 0; 0; 0
Shawn Ray; GK; 9; 0; 0; 0; 1; 0; 0; 1; 4; 0; 0; 0; 0; 0; 
David Hudgell; ; 7; 0; 0; 0; 0; 3; 0; 7; 0; 1; 0; 0; 0; 0; 0
Brad Flanagan; ; 10; 0; 0; 0; 0; 2; 0; 2; 0; 1; 0; 0; 0; 0; 0
Luis Medina; ; 1; 0; 0; 0; 0; 0; 0; 0; 0; 0; 0; 0; 0; 0; 


Team: Portland Pythons

Jeff Betts; ; 7; 0; 0; 11; 8; 36; 0; 8; 10; 3; 1; 0; 0; 0; 30.6
Armando Valdivia; M; 4; 0; 0; 6; 0; 20; 0; 5; 4; 1; 2; 0; 1; 1; 30
Joey Leonetti; ; 6; 0; 0; 6; 3; 23; 0; 5; 4; 3; 0; 0; 0; 0; 26.1
Eric McClellan; ; 5; 0; 0; 3; 4; 24; 0; 4; 0; 2; 0; 0; 0; 0; 12.5
Kiley Couch; D; 7; 0; 0; 3; 1; 11; 0; 10; 4; 11; 0; 0; 0; 0; 27.3
Bill Crook; D; 7; 0; 0; 2; 0; 20; 0; 14; 0; 12; 0; 0; 0; 0; 10
Gerald Luppy; ; 4; 0; 0; 2; 0; 3; 0; 4; 2; 2; 0; 0; 0; 0; 66.7
Thor Lee; D; 3; 0; 0; 1; 0; 7; 0; 0; 0; 2; 0; 0; 0; 0; 14.3
Ben Erickson; ; 7; 0; 0; 1; 0; 10; 0; 8; 0; 0; 1; 0; 0; 0; 10
Zack Chown; ; 7; 0; 0; 1; 2; 10; 0; 6; 2; 5; 0; 0; 0; 0; 10
Rob Baarts; ; 3; 0; 0; 0; 2; 9; 0; 1; 2; 2; 0; 0; 0; 0; 0
Ralph Black; D,M,F; 7; 0; 0; 0; 2; 7; 0; 11; 4; 12; 0; 0; 0; 0; 0
Tom Bialek; ; 1; 0; 0; 0; 0; 3; 0; 1; 0; 0; 0; 0; 0; 0; 0
Jarrad Janssen; ; 3; 0; 0; 0; 0; 1; 0; 2; 2; 1; 0; 0; 0; 0; 0
Chris Scotti; ; 1; 0; 0; 0; 0; 1; 0; 2; 0; 0; 0; 0; 0; 0; 0
Bret Olson; ; 3; 0; 0; 0; 0; 0; 0; 0; 0; 0; 0; 0; 0; 0; 
Oth Ngonethong; ; 2; 0; 0; 0; 0; 5; 0; 0; 0; 3; 0; 0; 0; 0; 0
Ziad Allan; ; 2; 0; 0; 0; 0; 5; 0; 0; 0; 0; 0; 0; 0; 0; 0
Billy Merck; ; 5; 0; 0; 0; 1; 9; 0; 1; 0; 8; 0; 0; 0; 0; 0
Travis Pratt; ; 5; 0; 0; 0; 1; 5; 0; 8; 2; 3; 0; 0; 0; 0; 0
Nick Vorberg; GK; 6; 0; 0; 0; 1; 0; 0; 1; 0; 0; 0; 0; 0; 0; 
Juan De La O; GK; 2; 0; 0; 0; 0; 0; 0; 0; 0; 0; 0; 0; 0; 0; 


Team: Sacramento Knights

Mark Thomas; ; 3; 0; 0; 6; 2; 30; 0; 1; 0; 0; 1; 1; 1; 0; 20
Chris McDonald; ; 5; 0; 0; 5; 4; 19; 0; 6; 4; 3; 2; 0; 0; 0; 26.3
Antonio Sutton; D; 5; 0; 0; 5; 1; 17; 0; 7; 2; 3; 0; 0; 0; 0; 29.4
Danny Barber; M; 7; 0; 0; 5; 5; 27; 0; 7; 2; 6; 1; 0; 1; 0; 18.5
Jeff Alcala; ; 8; 0; 0; 4; 4; 20; 0; 6; 4; 10; 0; 0; 1; 0; 20
Jorge Fernandez; D; 6; 0; 0; 3; 0; 9; 0; 7; 2; 1; 0; 0; 0; 0; 33.3
Martin Sims; ; 7; 0; 0; 3; 4; 16; 0; 6; 2; 3; 0; 0; 0; 0; 18.8
Iain Fraser; D; 8; 0; 0; 3; 5; 24; 0; 7; 0; 9; 0; 0; 0; 0; 12.5
Craig Huft; ; 8; 0; 0; 2; 5; 20; 0; 13; 2; 7; 1; 0; 0; 0; 10
Paul Hansen; ; 8; 0; 0; 2; 1; 17; 0; 12; 2; 11; 0; 0; 0; 0; 11.8
Shawn Blakeman; ; 3; 0; 0; 2; 1; 16; 0; 7; 2; 2; 1; 0; 0; 0; 12.5
Dale Ervine; D,M/F,F; 4; 0; 0; 2; 0; 8; 0; 0; 0; 2; 0; 0; 0; 0; 25
Ricky Villa; ; 7; 0; 0; 1; 0; 6; 0; 6; 0; 17; 1; 0; 1; 0; 16.7
Don Finley; ; 4; 0; 0; 1; 1; 2; 0; 4; 2; 0; 0; 0; 0; 0; 50
Chris Alcala; ; 5; 0; 0; 0; 1; 0; 0; 5; 0; 0; 0; 0; 0; 0; 
Dan Madsen; ; 5; 0; 0; 0; 0; 1; 0; 0; 0; 0; 0; 0; 0; 0; 0
Blair Quinn; GK; 5; 0; 0; 0; 1; 0; 0; 0; 2; 0; 0; 0; 0; 0; 
Lee Edgerton; ; 5; 0; 0; 0; 2; 11; 0; 9; 0; 2; 0; 0; 0; 0; 0
John Kuespert; ; 3; 0; 0; 0; 0; 0; 0; 0; 0; 0; 0; 0; 0; 0; 
Brandon Cavitt; ; 2; 0; 0; 0; 1; 1; 0; 1; 0; 1; 0; 0; 0; 0; 0
