Competition: Xtreme Soccer League

Season: 2008-2009
BlockSource: http://www.justsportsstats.com/soccerindex.php?league=XSL

Key: player; position; games_played; _; _; goals; assists; shots; _; fc; pim; bl; ppg; shg; gwg; otg; s%

Team: Chicago Storm

Ian Bennett            ; M,F    ; 20     ; 0      ; 0      ; 13     ; 7      ; 54     ; 0      ; 31     ; 0      ; 6      ; 0      ; 0; 1; 0   ; 24.1 
Andy Rosenband         ; M      ; 20     ; 0      ; 0      ; 11     ; 4      ; 40     ; 0      ; 10     ; 0      ; 5      ; 0      ; 0; 0; 0   ; 27.5 
Chris Cerroni          ; F      ; 20     ; 0      ; 0      ; 10     ; 6      ; 47     ; 0      ; 29     ; 16     ; 6      ; 3      ; 0; 1; 0   ; 21.3 
Frederico Moojen       ; F,G    ; 12     ; 0      ; 0      ; 8      ; 3      ; 25     ; 0      ; 24     ; 8      ; 2      ; 0      ; 0; 0; 0   ; 32.0 
Fabinho                ; D      ; 20     ; 0      ; 0      ; 7      ; 3      ; 51     ; 0      ; 36     ; 10     ; 30     ; 1      ; 0; 1; 0   ; 13.7 
Dan Antoniuk           ; F,D    ; 9      ; 0      ; 0      ; 7      ; 6      ; 17     ; 0      ; 15     ; 0      ; 3      ; 1      ; 0; 1; 0   ; 41.2 
Lazo Alavanja          ; M      ; 20     ; 0      ; 0      ; 6      ; 8      ; 38     ; 0      ; 19     ; 12     ; 13     ; 0      ; 0; 0; 0   ; 15.8 
Stephen Armstrong      ; M      ; 13     ; 0      ; 0      ; 6      ; 4      ; 42     ; 0      ; 12     ; 11     ; 4      ; 2      ; 0; 1; 0   ; 14.3 
Kyle Lance             ; M      ; 15     ; 0      ; 0      ; 3      ; 0      ; 9      ; 0      ; 11     ; 6      ; 2      ; 0      ; 0; 0; 0   ; 33.3 
Chris Brisson          ; D      ; 11     ; 0      ; 0      ; 2      ; 2      ; 10     ; 0      ; 5      ; 0      ; 9      ; 0      ; 0; 0; 0   ; 20.0 
Branko Savic           ; D      ; 16     ; 0      ; 0      ; 2      ; 5      ; 23     ; 0      ; 24     ; 6      ; 13     ; 2      ; 0; 0; 0   ; 8.7  
Awadalla Morad         ; F      ; 5      ; 0      ; 0      ; 2      ; 2      ; 8      ; 0      ; 6      ; 7      ; 3      ; 0      ; 0; 2; 0   ; 25.0 
Will Kletzien          ; G,D    ; 20     ; 0      ; 0      ; 1      ; 7      ; 17     ; 0      ; 25     ; 4      ; 11     ; 0      ; 0; 0; 0   ; 5.9  
Brandon Corday         ; M      ; 11     ; 0      ; 0      ; 1      ; 0      ; 4      ; 0      ; 0      ; 4      ; 1      ; 0      ; 0; 0; 0   ; 25.0 
Carlos Clay            ; D      ; 8      ; 0      ; 0      ; 1      ; 0      ; 7      ; 0      ; 12     ; 4      ; 6      ; 0      ; 0; 0; 0   ; 14.3 
Alen Osmanovic         ; F      ; 9      ; 0      ; 0      ; 1      ; 0      ; 2      ; 0      ; 6      ; 2      ; 5      ; 0      ; 0; 0; 0   ; 50.0 
Vladimir Knezevic      ; F,D    ; 8      ; 0      ; 0      ; 1      ; 1      ; 7      ; 0      ; 14     ; 4      ; 2      ; 0      ; 0; 0; 0   ; 14.3 
Zlatko Zebic           ; F      ; 8      ; 0      ; 0      ; 1      ; 2      ; 14     ; 0      ; 16     ; 0      ; 3      ; 0      ; 0; 0; 0   ; 7.1  
Polegar                ; F      ; 7      ; 0      ; 0      ; 0      ; 1      ; 6      ; 0      ; 4      ; 0      ; 2      ; 0      ; 0; 0; 0   ; 0.0  
Edgar Rivera           ; F      ; 2      ; 0      ; 0      ; 0      ; 0      ; 4      ; 0      ; 1      ; 0      ; 0      ; 0      ; 0; 0; 0   ; 0.0  
Bayard Elfvin          ; G      ; 5      ; 0      ; 0      ; 0      ; 2      ; 0      ; 0      ; 1      ; 2      ; 0      ; 0      ; 0; 0; 0   ;      
Jeff Richey            ; G      ; 15     ; 0      ; 0      ; 0      ; 3      ; 0      ; 0      ; 0      ; 0      ; 0      ; 0      ; 0; 0; 0   ;       
Bench                  ;        ; 6      ; 0      ; 0      ; 0      ; 0      ; 0      ; 0      ; 0      ; 4      ; 0      ; 0      ; 0; 0; 0   ;        
Randi Patterson        ; F      ; 7      ; 0      ; 0      ; 0      ; 2      ; 7      ; 0      ; 7      ; 0      ; 0      ; 0      ; 0; 0; 0   ; 0.0

Team: Detroit Ignition

Ryan Mack              ; M,F,C  ; 19     ; 0      ; 0      ; 15     ; 10     ; 87     ; 0      ; 36     ; 4      ; 6      ; 3      ; 0; 1; 0   ; 17.2 
Vahid Assadpour        ; F,G,M  ; 13     ; 0      ; 0      ; 11     ; 7      ; 32     ; 0      ; 13     ; 4      ; 6      ; 1      ; 0; 0; 0   ; 34.4 
Miodrag Djerisilo      ; C,M    ; 18     ; 0      ; 0      ; 11     ; 8      ; 37     ; 0      ; 10     ; 16     ; 9      ; 0      ; 0; 0; 0   ; 29.7 
Tino Scicluna          ; F,C    ; 20     ; 0      ; 0      ; 9      ; 4      ; 31     ; 0      ; 44     ; 27     ; 17     ; 1      ; 0; 1; 0   ; 29.0 
Josh Rife              ; D,G    ; 20     ; 0      ; 0      ; 9      ; 5      ; 39     ; 0      ; 14     ; 4      ; 31     ; 2      ; 0; 2; 0   ; 23.1 
Kyriakis Selaidopoulos ; M,G,C  ; 20     ; 0      ; 0      ; 9      ; 14     ; 41     ; 0      ; 15     ; 4      ; 4      ; 0      ; 0; 0; 0   ; 22.0 
Zack Wilkes            ; D,G    ; 20     ; 0      ; 0      ; 8      ; 1      ; 21     ; 0      ; 14     ; 2      ; 24     ; 0      ; 0; 0; 0   ; 38.1 
Michael Apple          ; F      ; 11     ; 0      ; 0      ; 8      ; 6      ; 34     ; 0      ; 9      ; 6      ; 1      ; 1      ; 0; 4; 0   ; 23.5 
Leo Gibson             ; F,G,D  ; 19     ; 0      ; 0      ; 8      ; 8      ; 50     ; 0      ; 39     ; 12     ; 16     ; 0      ; 0; 0; 0   ; 16.0 
Drew Crawford          ; F      ; 16     ; 0      ; 0      ; 7      ; 6      ; 19     ; 0      ; 5      ; 0      ; 4      ; 2      ; 0; 0; 0   ; 36.8 
Drew Ducker            ; F,G,M,C; 20     ; 0      ; 0      ; 6      ; 3      ; 26     ; 0      ; 20     ; 10     ; 11     ; 0      ; 0; 1; 0   ; 23.1 
Worteh Sampson         ; F      ; 5      ; 0      ; 0      ; 5      ; 1      ; 7      ; 0      ; 6      ; 7      ; 2      ; 0      ; 0; 2; 0   ; 71.4 
Nik Djokic             ; F,M,C  ; 15     ; 0      ; 0      ; 2      ; 3      ; 10     ; 0      ; 15     ; 2      ; 6      ; 0      ; 0; 0; 0   ; 20.0 
Droo Callahan          ; D      ; 12     ; 0      ; 0      ; 2      ; 8      ; 20     ; 0      ; 15     ; 2      ; 18     ; 0      ; 0; 0; 0   ; 10.0 
Doug Rice              ; M,D    ; 4      ; 0      ; 0      ; 1      ; 0      ; 3      ; 0      ; 5      ; 0      ; 1      ; 0      ; 0; 0; 0   ; 33.3 
Wes Sechrist           ; D      ; 19     ; 0      ; 0      ; 1      ; 2      ; 7      ; 0      ; 15     ; 8      ; 28     ; 0      ; 0; 0; 0   ; 14.3 
Nate Craft             ; D      ; 20     ; 0      ; 0      ; 1      ; 2      ; 23     ; 0      ; 16     ; 2      ; 7      ; 0      ; 0; 1; 0   ; 4.3  
Dan Trosper            ; D      ; 2      ; 0      ; 0      ; 0      ; 0      ; 1      ; 0      ; 2      ; 0      ; 0      ; 0      ; 0; 0; 0   ; 0.0  
Danny Waltman          ; G      ; 20     ; 0      ; 0      ; 0      ; 1      ; 0      ; 0      ; 1      ; 2      ; 0      ; 0      ; 0; 0; 0   ;      
Abraham Francois       ; D      ; 6      ; 0      ; 0      ; 0      ; 1      ; 7      ; 0      ; 6      ; 4      ; 7      ; 0      ; 0; 0; 0   ; 0.0 
Bench                  ; 4      ; 0      ; 0      ; 0      ; 0      ; 0      ; 0      ; 0      ; 0      ; 0      ; 0      ; 0      ; 0; 0;     ;      
Darrel Quinn           ; G,F,D  ; 5      ; 0      ; 0      ; 0      ; 1      ; 2      ; 0      ; 3      ; 0      ; 3      ; 0      ; 0; 0; 0   ; 0.0 


Team: Milwaukee Wave

Marco Terminesi        ; M,F    ; 20     ; 0      ; 0      ; 19     ; 12     ; 70     ; 0      ; 25     ; 4      ; 2      ; 2      ; 0; 1; 0   ; 27.1 
Marcelo Fontana        ; M,F    ; 19     ; 0      ; 0      ; 10     ; 9      ; 37     ; 0      ; 25     ; 4      ; 12     ; 2      ; 0; 2; 0   ; 27.0 
Giuliano Oliviero      ; M,F    ; 20     ; 0      ; 0      ; 10     ; 20     ; 51     ; 0      ; 25     ; 8      ; 6      ; 2      ; 0; 1; 0   ; 19.6 
Troy Dusosky           ; G,D    ; 19     ; 0      ; 0      ; 8      ; 7      ; 43     ; 0      ; 16     ; 6      ; 27     ; 1      ; 0; 1; 0   ; 18.6 
Nilson Pernambuco      ; F      ; 10     ; 0      ; 0      ; 8      ; 8      ; 43     ; 0      ; 7      ; 4      ; 1      ; 3      ; 0; 0; 0   ; 18.6 
Brett Wiesner          ; M      ; 18     ; 0      ; 0      ; 7      ; 2      ; 28     ; 0      ; 13     ; 2      ; 6      ; 0      ; 0; 0; 0   ; 25.0 
J.P. Rodrigues         ; D      ; 19     ; 0      ; 0      ; 7      ; 5      ; 35     ; 0      ; 28     ; 29     ; 17     ; 0      ; 0; 1; 0   ; 20.0 
Travis MacKenzie       ; M      ; 18     ; 0      ; 0      ; 7      ; 8      ; 25     ; 0      ; 19     ; 0      ; 8      ; 0      ; 0; 0; 0   ; 28.0 
Jacek Przednowek       ; F      ; 13     ; 0      ; 0      ; 6      ; 4      ; 20     ; 0      ; 7      ; 11     ; 6      ; 0      ; 0; 2; 0   ; 30.0 
Chad Burt              ; M      ; 20     ; 0      ; 0      ; 6      ; 0      ; 26     ; 0      ; 11     ; 0      ; 6      ; 0      ; 0; 2; 0   ; 23.1 
Jonatan Santos         ; G,D    ; 20     ; 0      ; 0      ; 5      ; 6      ; 39     ; 0      ; 25     ; 19     ; 18     ; 0      ; 0; 0; 0   ; 12.8 
Dino Delevski          ; M      ; 7      ; 0      ; 0      ; 5      ; 2      ; 31     ; 0      ; 7      ; 0      ; 2      ; 2      ; 0; 0; 0   ; 16.1 
Nathan Sabich          ; D      ; 20     ; 0      ; 0      ; 4      ; 5      ; 21     ; 0      ; 18     ; 7      ; 6      ; 0      ; 0; 0; 0   ; 19.0 
Joe Hammes             ; D      ; 17     ; 0      ; 0      ; 3      ; 4      ; 25     ; 0      ; 19     ; 13     ; 11     ; 0      ; 0; 0; 0   ; 12.0 
Chico                  ; M      ; 7      ; 0      ; 0      ; 2      ; 1      ; 9      ; 0      ; 6      ; 0      ; 2      ; 0      ; 0; 0; 0   ; 22.2 
Lovelace Ackah         ; D      ; 19     ; 0      ; 0      ; 2      ; 1      ; 11     ; 0      ; 26     ; 9      ; 17     ; 0      ; 0; 0; 0   ; 18.2 
Tenzin Rampa           ; F      ; 15     ; 0      ; 0      ; 2      ; 3      ; 19     ; 0      ; 13     ; 5      ; 1      ; 0      ; 0; 0; 0   ; 10.5 
Marcel Feenstra        ; G      ; 8      ; 0      ; 0      ; 0      ; 1      ; 0      ; 0      ; 0      ; 2      ; 0      ; 0      ; 0; 0; 0   ;      
Nick Vorberg           ; GK     ; 12     ; 0      ; 0      ; 0      ; 2      ; 0      ; 0      ; 0      ; 2      ; 0      ; 0      ; 0; 0; 0   ;       
Bench                  ;        ; 3      ; 0      ; 0      ; 0      ; 0      ; 0      ; 0      ; 0      ; 4      ; 0      ; 0      ; 0; 0; 0   ;        
      
Team: New Jersey Ironmen

Lucio Gonzaga          ; F,M,D ; 19     ; 0      ; 0      ; 23     ; 9      ; 112    ; 0      ; 33     ; 10     ; 5      ; 3      ; 0      ; 4; 0; 20.5 
Adauto Neto            ; F     ; 18     ; 0      ; 0      ; 15     ; 16     ; 70     ; 0      ; 36     ; 6      ; 5      ; 3      ; 0      ; 0; 0; 21.4 
Rey Martinez           ; F,D   ; 20     ; 0      ; 0      ; 13     ; 4      ; 52     ; 0      ; 17     ; 8      ; 21     ; 0      ; 0      ; 1; 0; 25.0 
Tiguinho               ; F,G,M ; 19     ; 0      ; 0      ; 12     ; 1      ; 58     ; 0      ; 11     ; 4      ; 12     ; 1      ; 0      ; 1; 0; 20.7 
Carlos Farias          ; M     ; 20     ; 0      ; 0      ; 11     ; 16     ; 81     ; 0      ; 17     ; 16     ; 9      ; 0      ; 0      ; 0; 0; 13.6 
Goran Vasic            ; F,M   ; 20     ; 0      ; 0      ; 9      ; 16     ; 66     ; 0      ; 18     ; 8      ; 5      ; 4      ; 0      ; 2; 0; 13.6 
Evan McNeley           ; D     ; 20     ; 0      ; 0      ; 5      ; 4      ; 35     ; 0      ; 31     ; 10     ; 25     ; 1      ; 0      ; 0; 0; 14.3 
Randi Patterson        ; F     ; 11     ; 0      ; 0      ; 5      ; 4      ; 21     ; 0      ; 11     ; 4      ; 1      ; 0      ; 0      ; 0; 0; 23.8 
Frederico Moojen       ; F,G   ; 7      ; 0      ; 0      ; 4      ; 1      ; 15     ; 0      ; 9      ; 2      ; 0      ; 0      ; 0      ; 1; 0; 26.7 
Shaun David            ; F     ; 9      ; 0      ; 0      ; 4      ; 2      ; 22     ; 0      ; 11     ; 9      ; 2      ; 0      ; 0      ; 0; 0; 18.2 
Shawn Boney            ; F     ; 12     ; 0      ; 0      ; 3      ; 4      ; 15     ; 0      ; 22     ; 12     ; 5      ; 1      ; 0      ; 0; 0; 20.0 
Oral Bullen            ; D     ; 20     ; 0      ; 0      ; 3      ; 1      ; 27     ; 0      ; 10     ; 5      ; 10     ; 0      ; 0      ; 0; 0; 11.1 
Tim O'Neill            ; M     ; 7      ; 0      ; 0      ; 3      ; 0      ; 9      ; 0      ; 8      ; 7      ; 3      ; 0      ; 0      ; 1; 0; 33.3 
Sandre Naumoski        ; M,F   ; 11     ; 0      ; 0      ; 2      ; 1      ; 16     ; 0      ; 10     ; 4      ; 6      ; 0      ; 0      ; 0; 0; 12.5 
Ryan Hall              ; D     ; 11     ; 0      ; 0      ; 1      ; 1      ; 15     ; 0      ; 5      ; 6      ; 13     ; 0      ; 0      ; 0; 0; 6.7  
Nebo Stamenkovic       ; F     ; 9      ; 0      ; 0      ; 1      ; 1      ; 12     ; 0      ; 6      ; 0      ; 3      ; 0      ; 0      ; 1; 0; 8.3  
David Topolski         ; D     ; 5      ; 0      ; 0      ; 0      ; 0      ; 0      ; 0      ; 4      ; 0      ; 0      ; 0      ; 0      ; 0; 0;      
Le Clembo do Carmo     ; G     ; 3      ; 0      ; 0      ; 0      ; 0      ; 0      ; 0      ; 0      ; 0      ; 0      ; 0      ; 0      ; 0; 0;  
Pat Hannigan           ; G     ; 3      ; 0      ; 0      ; 0      ; 0      ; 0      ; 0      ; 0      ; 2      ; 1      ; 0      ; 0      ; 0; 0;         
Brett Philips          ; G     ; 16     ; 0      ; 0      ; 0      ; 0      ; 0      ; 0      ; 0      ; 4      ; 0      ; 0      ; 0      ; 0; 0;  
Jerrod Laventure       ; F     ; 10     ; 0      ; 0      ; 0      ; 0      ; 10     ; 0      ; 16     ; 4      ; 8      ; 0      ; 0      ; 0; 0;  0.0 
Edison Bilbao          ; M     ; 10     ; 0      ; 0      ; 0      ; 1      ; 9      ; 0      ; 5      ; 5      ; 1      ; 0      ; 0      ; 0; 0;  0.0 
Bench                  ; 2     ; 0      ; 0      ; 0      ; 0      ; 0      ; 0      ; 0      ; 0      ; 0      ; 0      ; 0      ; 0      ; 0; 0;           
Aaron Bonser           ; D     ; 9      ; 0      ; 0      ; 0      ; 0      ; 5      ; 0      ; 10     ; 2      ; 5      ; 0      ; 0      ; 0; 0; 0.0 